Date,Open,High,Low,Close,Adj Close,Volume
1996-01-01,78.56979370117188,86.39187622070312,77.88035583496094,78.22081756591797,58.56645965576172,15273
1996-01-02,78.22081756591797,78.43360900878906,78.13570404052734,78.39105224609375,58.69390869140625,17623
1996-01-03,78.39105224609375,78.13570404052734,78.05059051513672,78.05059051513672,58.439002990722656,5286
1996-01-04,77.88035583496094,77.88035583496094,77.20368957519531,77.20368957519531,57.804901123046875,12336
1996-01-05,77.11431884765625,77.1994400024414,76.88451385498047,76.99516296386719,57.64875793457031,12923
1996-01-08,77.02920532226562,77.11431884765625,76.60363006591797,76.6334228515625,57.3779182434082,14685
1996-01-09,76.6334228515625,77.11431884765625,75.75247955322266,76.60363006591797,57.355613708496094,26434
1996-01-10,76.60363006591797,77.45478057861328,76.60363006591797,76.60363006591797,57.355613708496094,7636
1996-01-11,76.60363006591797,77.02920532226562,74.90132904052734,77.02920532226562,57.674259185791016,14685
1996-01-12,77.02920532226562,77.28455352783203,76.60363006591797,77.1994400024414,57.801719665527344,6461
1996-01-15,77.1994400024414,76.944091796875,76.60363006591797,76.60363006591797,57.355613708496094,14685
1996-01-16,76.60363006591797,76.3908462524414,75.41201782226562,75.45457458496094,56.49526596069336,10573
1996-01-17,75.45457458496094,77.36966705322266,75.82908630371094,77.20368957519531,57.804901123046875,67555
1996-01-18,77.20368957519531,77.88035583496094,74.05017852783203,76.69300079345703,57.422523498535156,46407
1996-01-19,76.69300079345703,81.71054077148438,76.43340301513672,76.95260620117188,57.61690139770508,24085
1996-01-22,76.95260620117188,76.944091796875,76.48872375488281,76.83344268798828,57.52769088745117,15273
1996-01-23,76.83344268798828,77.03346252441406,76.6078872680664,76.61214447021484,57.36198806762695,43470
1996-01-24,76.61214447021484,76.944091796875,76.01207733154297,76.48021697998047,57.26321029663086,82241
1996-01-25,76.48021697998047,77.11431884765625,76.18231201171875,76.99942016601562,57.651954650878906,46407
1996-01-26,76.99942016601562,76.99942016601562,76.99942016601562,76.99942016601562,57.651954650878906,0
1996-01-29,76.99942016601562,77.45478057861328,76.27168273925781,77.11431884765625,57.73798370361328,249074
1996-01-30,77.11431884765625,78.47616577148438,76.69300079345703,77.51436614990234,58.03752517700195,293719
1996-01-31,77.51436614990234,77.88035583496094,77.02920532226562,77.11431884765625,57.73798370361328,12336
1996-02-01,77.11431884765625,80.4338150024414,77.45903778076172,79.1145248413086,59.2356071472168,358338
1996-02-02,79.1145248413086,82.56169128417969,80.68915557861328,82.56169128417969,61.81662368774414,27609
1996-02-05,82.56169128417969,90.64337158203125,81.45519256591797,85.49391174316406,64.0120620727539,509897
1996-02-06,85.49391174316406,86.81745147705078,83.83841705322266,85.43858337402344,63.970638275146484,647945
1996-02-07,85.43858337402344,86.81745147705078,83.83841705322266,85.57476806640625,64.07259368896484,549255
1996-02-08,85.57476806640625,91.498779296875,85.96629333496094,88.17929077148438,66.02268981933594,520471
1996-02-09,88.17929077148438,93.24364471435547,87.32814025878906,92.4265365600586,69.2027359008789,142747
1996-02-12,94.81827545166016,96.18011474609375,93.62666320800781,93.924560546875,70.32434844970703,99864
1996-02-13,93.924560546875,95.32896423339844,91.92435455322266,95.18001556396484,71.26435089111328,109851
1996-02-14,95.18001556396484,104.6916275024414,94.9885025024414,103.63619995117188,77.59577178955078,511072
1996-02-15,103.63619995117188,99.15914154052734,97.03126525878906,98.32076263427734,73.61593627929688,54631
1996-02-16,98.32076263427734,99.15914154052734,88.94532775878906,98.12074279785156,73.4661865234375,98102
1996-02-19,98.12074279785156,96.18011474609375,90.22205352783203,95.39705657958984,71.4268569946289,31134
1996-02-20,95.39705657958984,95.49919128417969,93.62666320800781,95.1757583618164,71.26116943359375,48757
1996-02-21,95.1757583618164,95.1757583618164,95.1757583618164,95.1757583618164,71.26116943359375,0
1996-02-22,95.1757583618164,97.03126525878906,95.49919128417969,95.83965301513672,71.75824737548828,25847
1996-02-23,95.83965301513672,98.64845275878906,95.32896423339844,97.20574951171875,72.7811050415039,56394
1996-02-26,97.20574951171875,98.39311218261719,95.7545394897461,97.87815856933594,73.28456115722656,60506
1996-02-27,97.87815856933594,99.15914154052734,94.69059753417969,95.69070434570312,71.64672088623047,37596
1996-02-28,95.69070434570312,99.41448974609375,96.18437194824219,97.9632797241211,73.3482666015625,102214
1996-02-29,97.9632797241211,101.96369171142578,94.90338897705078,96.05670166015625,71.92076873779297,65205
1996-03-01,96.05670166015625,96.18011474609375,93.62666320800781,95.6609115600586,71.62442016601562,18210
1996-03-04,95.6609115600586,98.05265045166016,95.32896423339844,97.71218872070312,73.16026306152344,173882
1996-03-05,97.71218872070312,97.71218872070312,97.71218872070312,97.71218872070312,73.16026306152344,0
1996-03-06,97.71218872070312,98.2228775024414,95.7545394897461,97.76750946044922,73.2016830444336,32896
1996-03-07,97.76750946044922,97.45684051513672,96.73336029052734,96.86529541015625,72.52617645263672,11161
1996-03-08,96.86529541015625,96.52057647705078,95.32896423339844,96.18011474609375,72.01316833496094,21735
1996-03-11,96.18011474609375,94.733154296875,92.7755126953125,93.924560546875,70.32434844970703,16448
1996-03-12,93.924560546875,94.05223846435547,93.20108795166016,93.3287582397461,69.87825775146484,41120
1996-03-13,93.3287582397461,94.38844299316406,93.28620147705078,93.28620147705078,69.84640502929688,22322
1996-03-14,93.28620147705078,94.47781372070312,92.86062622070312,94.03946685791016,70.41039276123047,32896
1996-03-15,89.36664581298828,94.62676239013672,89.36664581298828,93.5457992553711,70.04076385498047,14098
1996-03-18,93.5457992553711,93.62666320800781,92.86062622070312,92.92871856689453,69.57872009277344,7636
1996-03-19,92.92871856689453,96.6056900024414,93.62666320800781,94.28630065917969,70.59522247314453,380660
1996-03-20,94.28630065917969,94.28630065917969,94.28630065917969,94.28630065917969,70.59522247314453,0
1996-03-21,94.28630065917969,93.62666320800781,93.20108795166016,93.62240600585938,70.09814453125,127474
1996-03-22,93.62240600585938,94.3927001953125,89.37090301513672,93.62666320800781,70.1012954711914,116900
1996-03-25,93.62666320800781,92.7755126953125,91.24343872070312,91.25194549560547,68.32328033447266,16448
1996-03-26,91.25194549560547,92.88190460205078,89.37090301513672,91.86477661132812,68.78213500976562,25259
1996-03-27,91.86477661132812,95.7545394897461,91.92435455322266,95.54600524902344,71.53837585449219,31134
1996-03-28,95.54600524902344,96.18011474609375,95.32896423339844,95.7545394897461,71.69453430175781,9986
1996-03-29,95.7545394897461,96.6056900024414,94.47781372070312,95.96732330322266,71.85383605957031,34658
1996-04-01,95.96732330322266,96.6056900024414,95.78007507324219,96.6056900024414,72.331787109375,7636
1996-04-02,96.6056900024414,97.02700805664062,95.7545394897461,95.91200256347656,71.81241607666016,29959
1996-04-03,95.91200256347656,97.03126525878906,95.7545394897461,96.26522827148438,72.076904296875,17623
1996-04-04,96.26522827148438,97.88241577148438,95.92902374267578,96.46524810791016,72.22665405273438,18798
1996-04-05,96.46524810791016,96.46524810791016,96.46524810791016,96.46524810791016,72.22665405273438,0
1996-04-08,96.46524810791016,97.83135223388672,96.18862915039062,97.11637878417969,72.71418762207031,15273
1996-04-09,97.11637878417969,98.73356628417969,96.6056900024414,98.28245544433594,73.5872573852539,28784
1996-04-10,98.28245544433594,98.73782348632812,97.6270751953125,98.73356628417969,73.92501068115234,25847
1996-04-11,98.73356628417969,102.05306243896484,97.64835357666016,98.30799102783203,73.60637664794922,22910
1996-04-12,98.30799102783203,99.75495147705078,97.88241577148438,99.58472442626953,74.56229400634766,37008
1996-04-15,99.58472442626953,103.75110626220703,99.58472442626953,103.19786071777344,77.267578125,84591
1996-04-16,103.19786071777344,104.18093872070312,101.71260070800781,102.20626831054688,76.52513885498047,94577
1996-04-17,102.20626831054688,106.3726577758789,104.6916275024414,105.49171447753906,78.98506164550781,59331
1996-04-18,105.49171447753906,107.41531372070312,105.88323974609375,106.59395599365234,79.81035614013672,315455
1996-04-19,106.59395599365234,109.37296295166016,105.54277801513672,108.9729232788086,81.591552734375,114550
1996-04-22,108.9729232788086,108.56436920166016,107.37275695800781,107.7344970703125,80.66429901123047,57569
1996-04-23,107.7344970703125,107.4791488647461,105.3342514038086,106.6194839477539,79.82946014404297,32309
1996-04-24,106.6194839477539,108.9473876953125,106.44499969482422,108.78992462158203,81.45455169677734,41120
1996-04-25,108.78992462158203,114.90119171142578,107.75577545166016,108.63671875,81.33981323242188,82828
1996-04-26,108.63671875,107.67066192626953,106.39392852783203,107.37701416015625,80.39663696289062,22322
1996-04-29,107.37701416015625,108.09623718261719,103.08295440673828,107.67066192626953,80.61650085449219,24085
1996-04-30,107.67066192626953,111.50083923339844,106.39392852783203,111.33911895751953,83.36321258544922,137460
1996-05-01,111.33911895751953,112.7775650024414,110.73480224609375,112.29241180419922,84.07695770263672,56394
1996-05-02,112.29241180419922,113.62872314453125,111.58595275878906,112.96907806396484,84.5835952758789,129236
1996-05-03,112.96907806396484,113.03291320800781,112.36476135253906,112.49668884277344,84.22991180419922,43470
1996-05-06,112.49668884277344,111.9264144897461,110.22411346435547,111.77320861816406,83.68822479248047,65793
1996-05-07,111.77320861816406,113.20314025878906,111.50083923339844,113.01163482666016,84.61546325683594,64030
1996-05-08,113.01163482666016,115.07567596435547,111.50083923339844,114.89693450927734,86.02705383300781,108676
1996-05-09,114.89693450927734,126.31087493896484,112.44136047363281,113.7734146118164,85.18583679199219,118662
1996-05-10,113.7734146118164,118.22493743896484,110.39434051513672,115.77787780761719,86.68663787841797,168595
1996-05-13,110.64968872070312,112.09664916992188,106.4024429321289,111.76044464111328,83.67865753173828,152734
1996-05-14,111.76044464111328,113.37337493896484,110.82843017578125,112.64563751220703,84.34144592285156,108088
1996-05-15,112.64563751220703,114.05004119873047,112.7775650024414,113.6116943359375,85.06476593017578,44645
1996-05-16,113.6116943359375,115.33102416992188,114.56498718261719,115.33102416992188,86.35205841064453,28197
1996-05-17,115.33102416992188,115.33102416992188,114.0542984008789,115.15653991699219,86.22142028808594,55806
1996-05-20,115.15653991699219,114.56498718261719,112.7775650024414,113.53509521484375,85.00739288330078,30546
1996-05-21,113.53509521484375,114.0542984008789,111.17740631103516,112.7775650024414,84.4402084350586,41120
1996-05-22,112.7775650024414,113.19889068603516,111.9264144897461,112.1817626953125,83.99411010742188,5874
1996-05-23,112.1817626953125,112.01153564453125,111.07526397705078,112.01153564453125,83.86665344238281,35246
1996-05-24,112.01153564453125,114.14366912841797,111.51361083984375,114.12664031982422,85.4503173828125,66380
1996-05-27,114.12664031982422,113.03291320800781,111.58595275878906,112.09239196777344,83.92717742919922,17035
1996-05-28,112.09239196777344,113.19889068603516,110.64968872070312,112.74352264404297,84.41471862792969,19972
1996-05-29,112.74352264404297,112.7775650024414,111.07952117919922,112.35198974609375,84.12158203125,12923
1996-05-30,112.35198974609375,112.7775650024414,111.84130096435547,112.7775650024414,84.4402084350586,14685
1996-05-31,112.7775650024414,113.62872314453125,111.50083923339844,113.56913757324219,85.03291320800781,83416
1996-06-03,113.56913757324219,113.88406372070312,112.01153564453125,113.68404388427734,85.11891174316406,162720
1996-06-04,113.68404388427734,113.5436019897461,111.76044464111328,112.86268615722656,84.50394439697266,12336
1996-06-05,112.7775650024414,113.62872314453125,110.64968872070312,113.20314025878906,84.75885772705078,294307
1996-06-06,112.60733795166016,113.37337493896484,112.54350280761719,113.01163482666016,84.61546325683594,51107
1996-06-07,112.86268615722656,113.62872314453125,112.36050415039062,113.09249114990234,84.676025390625,28197
1996-06-10,112.47966766357422,112.7775650024414,112.4371109008789,112.69245147705078,84.3764877319336,10573
1996-06-11,111.75618743896484,112.7775650024414,111.50083923339844,111.9264144897461,83.80294036865234,13511
1996-06-12,114.90544891357422,114.90544891357422,112.7775650024414,114.0542984008789,85.39614868164062,187393
1996-06-13,114.05004119873047,114.0542984008789,112.7775650024414,112.7775650024414,84.4402084350586,11161
1996-06-14,112.82012939453125,113.62872314453125,112.7775650024414,113.49253845214844,84.97553253173828,449391
1996-06-17,114.90544891357422,115.75659942626953,113.5436019897461,113.7989501953125,85.2049560546875,45232
1996-06-18,113.20314025878906,113.88406372070312,111.67107391357422,112.78607940673828,84.44658660888672,25259
1996-06-19,117.54401397705078,117.61636352539062,112.10090637207031,112.62010192871094,84.32231903076172,229688
1996-06-20,121.28482818603516,121.28482818603516,111.9264144897461,112.16048431396484,83.97817993164062,243199
1996-06-21,113.22016906738281,113.5436019897461,112.39454650878906,112.91374969482422,84.54218292236328,24085
1996-06-24,112.54350280761719,112.54350280761719,108.01537322998047,108.43244171142578,81.18688201904297,84003
1996-06-25,114.05004119873047,114.05004119873047,107.1684799194336,108.20262908935547,81.01480102539062,28784
1996-06-26,106.66629791259766,107.24508666992188,104.01071166992188,104.2873306274414,78.08332061767578,65205
1996-06-27,104.6916275024414,105.7130126953125,103.32978820800781,105.23210906982422,78.79068756103516,84003
1996-06-28,106.3088150024414,106.39392852783203,105.54277801513672,106.13433074951172,79.4662094116211,41708
1996-07-01,105.24488067626953,105.88323974609375,104.26605224609375,104.35116577148438,78.13108825683594,17623
1996-07-02,104.26605224609375,104.5001220703125,103.32978820800781,103.52555084228516,77.51293182373047,28784
1996-07-03,99.66983795166016,101.96794128417969,99.15914154052734,100.11243438720703,74.95742797851562,108676
1996-07-04,97.967529296875,101.71260070800781,90.1369400024414,100.57630920410156,75.30473327636719,105151
1996-07-05,102.81909942626953,102.81909942626953,100.69547271728516,101.92538452148438,76.31482696533203,93402
1996-07-08,101.54236602783203,101.71260070800781,101.28702545166016,101.37213897705078,75.90061950683594,77542
1996-07-09,100.43587493896484,100.43587493896484,99.75495147705078,100.26138305664062,75.06892395019531,54631
1996-07-10,99.58472442626953,100.43587493896484,98.39311218261719,99.75495147705078,74.68977355957031,18798
1996-07-11,101.71260070800781,101.71260070800781,100.8614501953125,101.17637634277344,75.7540283203125,27022
1996-07-12,100.43587493896484,101.201904296875,99.58472442626953,99.58472442626953,74.56229400634766,11161
1996-07-15,99.15914154052734,100.01029968261719,99.15914154052734,99.92517852783203,74.81719970703125,41120
1996-07-16,97.88241577148438,99.15914154052734,97.54195404052734,97.66963195800781,73.12842559814453,21147
1996-07-17,97.88241577148438,97.88241577148438,96.69506072998047,97.71218872070312,73.16026306152344,18798
1996-07-18,97.88241577148438,98.30799102783203,97.12063598632812,97.84837341308594,73.26224517822266,29371
1996-07-19,97.88241577148438,97.88241577148438,96.6056900024414,97.20149993896484,72.77790069580078,28784
1996-07-22,97.88241577148438,97.88241577148438,96.2822494506836,96.88231658935547,72.53890991210938,10573
1996-07-23,97.12063598632812,97.71218872070312,92.60953521728516,93.52452087402344,70.02483367919922,565116
1996-07-24,89.37090301513672,92.26481628417969,88.17929077148438,90.23482513427734,67.56173706054688,20560
1996-07-25,88.98788452148438,89.37090301513672,87.6686019897461,87.88990020751953,65.80602264404297,326616
1996-07-26,87.24302673339844,89.37090301513672,83.412841796875,87.455810546875,65.4809799194336,559829
1996-07-29,87.6686019897461,87.6686019897461,85.37049102783203,86.22589874267578,64.56011962890625,229688
1996-07-30,85.11514282226562,85.11514282226562,78.73150634765625,84.11930084228516,62.98285675048828,53456
1996-07-31,83.412841796875,86.60466003417969,81.88076782226562,86.58338165283203,64.82778930664062,383598
1996-08-01,87.58348846435547,87.6686019897461,85.96629333496094,86.39187622070312,64.68439483642578,18798
1996-08-02,85.91948699951172,85.96629333496094,85.11940002441406,85.41730499267578,63.954689025878906,95165
1996-08-05,85.11514282226562,85.85990142822266,85.11514282226562,85.49816131591797,64.0152359008789,9986
1996-08-06,86.81745147705078,86.81745147705078,83.92353057861328,85.22579193115234,63.81128692626953,86353
1996-08-07,86.39187622070312,86.72808074951172,85.41730499267578,85.62583923339844,64.1108169555664,8811
1996-08-08,84.68956756591797,85.11514282226562,83.92353057861328,84.09376525878906,62.96372604370117,37008
1996-08-09,82.73617553710938,83.412841796875,82.13611602783203,82.57020568847656,61.822994232177734,37008
1996-08-12,82.47657775878906,84.26399230957031,82.26378631591797,82.81278228759766,62.004615783691406,183868
1996-08-13,82.73191833496094,84.17887878417969,81.795654296875,82.6723403930664,61.89945602416992,111026
1996-08-14,82.56169128417969,83.412841796875,81.62542724609375,82.0382308959961,61.42467498779297,133348
1996-08-15,82.0382308959961,82.0382308959961,82.0382308959961,82.0382308959961,61.42467498779297,0
1996-08-16,81.00833892822266,82.1318588256836,81.00833892822266,81.49774932861328,61.0200080871582,144510
1996-08-19,80.85939025878906,81.37007904052734,80.09761047363281,80.34444427490234,60.156490325927734,115138
1996-08-20,80.00823974609375,82.02120971679688,80.00823974609375,81.3232650756836,60.88937759399414,132761
1996-08-21,82.17867279052734,82.17867279052734,80.94876098632812,81.37007904052734,60.924400329589844,23497
1996-08-22,81.71054077148438,82.77022552490234,81.71054077148438,82.63829803466797,61.87398147583008,55806
1996-08-23,82.47657775878906,86.81745147705078,82.30634307861328,85.43006896972656,63.96426773071289,202079
1996-08-26,85.56199645996094,85.56199645996094,84.68956756591797,84.77468872070312,63.47356033325195,151559
1996-08-27,84.81724548339844,85.88117980957031,84.00865173339844,85.6513671875,64.12995147705078,40533
1996-08-28,85.11514282226562,85.79180908203125,85.11514282226562,85.79180908203125,64.235107421875,7049
1996-08-29,85.37049102783203,86.13652801513672,85.37049102783203,85.48539733886719,64.00569152832031,126886
1996-08-30,85.2853775024414,86.13652801513672,85.2853775024414,86.13652801513672,64.49320220947266,11748
1996-09-02,87.6686019897461,87.6686019897461,86.81745147705078,87.58348846435547,65.57658386230469,36421
1996-09-03,87.24302673339844,89.37090301513672,86.0514144897461,88.20482635498047,66.04180145263672,79304
1996-09-04,56.175994873046875,58.63582229614258,56.175994873046875,57.93788146972656,43.37996292114258,107501
1996-09-05,58.01448440551758,58.72945022583008,58.01448440551758,58.554962158203125,43.84199523925781,119250
1996-09-06,58.308128356933594,59.47420883178711,58.30387496948242,59.248653411865234,44.36137771606445,122774
1996-09-09,59.1507682800293,59.58060073852539,58.899681091308594,59.155025482177734,44.29127883911133,137460
1996-09-10,58.83158874511719,58.83158874511719,57.878299713134766,58.01873779296875,43.44050979614258,133348
1996-09-11,57.7208366394043,58.17620086669922,57.36760711669922,57.46123504638672,43.02309036254883,172707
1996-09-12,56.60157012939453,57.746368408203125,56.60157012939453,57.57188415527344,43.105926513671875,275509
1996-09-13,57.45272445678711,57.49528121948242,57.11651611328125,57.3505859375,42.94023895263672,153909
1996-09-16,57.278236389160156,57.66551208496094,57.133541107177734,57.39739990234375,42.97529220581055,220877
1996-09-17,57.36760711669922,57.622955322265625,57.282493591308594,57.60593032836914,43.13142776489258,99864
1996-09-18,57.11651611328125,59.72955322265625,57.11651611328125,58.9337272644043,44.12558364868164,373024
1996-09-19,58.72945022583008,59.58060073852539,58.31238555908203,58.47835922241211,43.784645080566406,374786
1996-09-20,59.4061164855957,59.4061164855957,57.622955322265625,59.138004302978516,44.27853775024414,127474
1996-09-23,58.9081916809082,59.58060073852539,58.72945022583008,59.46995162963867,44.527069091796875,255536
1996-09-24,59.32525634765625,61.368019104003906,59.17630386352539,60.6785888671875,45.43202209472656,551018
1996-09-25,60.00617980957031,60.42749786376953,59.155025482177734,59.61039352416992,44.632232666015625,182693
1996-09-26,59.41037368774414,59.58060073852539,58.2187614440918,58.942237854003906,44.131954193115234,233213
1996-09-27,58.81456756591797,58.81456756591797,57.88255310058594,58.24855041503906,43.61257553100586,132761
1996-09-30,57.75062561035156,58.282596588134766,57.71232223510742,58.25706100463867,43.61894607543945,118662
1996-10-01,58.64433670043945,59.58060073852539,57.474002838134766,57.81020736694336,43.284366607666016,163308
1996-10-02,57.81020736694336,57.81020736694336,57.81020736694336,57.81020736694336,43.284366607666016,0
1996-10-03,57.878299713134766,58.21450424194336,56.60157012939453,56.95905685424805,42.64708709716797,92815
1996-10-04,56.610084533691406,56.610084533691406,54.13323211669922,54.27792739868164,40.6396369934082,151559
1996-10-07,54.899269104003906,54.899269104003906,51.567012786865234,51.567012786865234,38.609886169433594,92815
1996-10-08,49.87747573852539,51.92023849487305,49.200809478759766,51.35422134399414,38.4505615234375,111613
1996-10-09,51.49466323852539,51.49466323852539,48.85609436035156,49.49445724487305,37.0580940246582,92815
1996-10-10,50.43072509765625,51.40103530883789,49.83917236328125,51.222293853759766,38.35179138183594,102214
1996-10-11,51.24357223510742,51.92023849487305,50.711605072021484,51.48615264892578,38.54935073852539,118075
1996-10-14,50.664791107177734,50.664791107177734,49.79661560058594,50.366886138916016,37.71131896972656,106913
1996-10-15,50.55839538574219,51.34571075439453,49.87747573852539,50.27326202392578,37.64122009277344,145684
1996-10-16,49.962589263916016,50.27751541137695,48.32412338256836,48.68160629272461,36.44949722290039,62856
1996-10-17,47.91982650756836,48.85609436035156,47.8985481262207,48.702884674072266,36.465423583984375,53456
1996-10-18,48.51563262939453,49.02632522583008,48.34965896606445,48.796512603759766,36.535526275634766,50519
1996-10-21,48.796512603759766,48.796512603759766,48.796512603759766,48.796512603759766,36.535526275634766,0
1996-10-22,49.28166961669922,50.983970642089844,49.27315902709961,50.32858657836914,37.68263626098633,71667
1996-10-23,51.409549713134766,51.409549713134766,49.87747573852539,50.30305099487305,37.663516998291016,31134
1996-10-24,49.83491897583008,50.111541748046875,49.7923583984375,49.96684646606445,37.41179656982422,72255
1996-10-25,49.7923583984375,50.260494232177734,49.7923583984375,50.19240188598633,37.5806884765625,41120
1996-10-28,50.64351272583008,50.7286262512207,49.97535705566406,50.46477127075195,37.784610748291016,81654
1996-10-29,50.13282012939453,51.28187561035156,49.87747573852539,50.813743591308594,38.045902252197266,59918
1996-10-30,50.813743591308594,50.813743591308594,50.813743591308594,50.813743591308594,38.045902252197266,0
1996-10-31,48.690120697021484,51.069087982177734,48.690120697021484,49.98812484741211,37.4277229309082,100452
1996-11-01,49.57957077026367,50.13282012939453,49.57957077026367,49.68596649169922,37.20149230957031,25259
1996-11-04,49.53701400756836,49.7923583984375,48.90290832519531,49.57957077026367,37.12183380126953,35246
1996-11-05,49.456153869628906,49.87747573852539,49.366783142089844,49.58808517456055,37.128211975097656,56394
1996-11-06,48.56670379638672,49.366783142089844,48.56670379638672,49.03057861328125,36.71078109741211,17035
1996-11-07,49.19655227661133,49.7923583984375,49.19655227661133,49.511478424072266,37.07084655761719,7049
1996-11-08,50.047706604003906,50.047706604003906,49.707244873046875,49.754058837890625,37.252479553222656,26434
1996-11-11,49.366783142089844,50.983970642089844,49.366783142089844,50.311561584472656,37.66989517211914,264347
1996-11-12,50.311561584472656,50.311561584472656,50.311561584472656,50.311561584472656,37.66989517211914,0
1996-11-13,49.7923583984375,51.02653121948242,49.57957077026367,49.962589263916016,37.408599853515625,191505
1996-11-14,50.55839538574219,50.55839538574219,49.62638473510742,50.03919219970703,37.46596145629883,45820
1996-11-15,49.70298767089844,49.707244873046875,49.33273696899414,49.53276062011719,37.08678436279297,31134
1996-11-18,49.62213134765625,49.62213134765625,48.09431457519531,48.25177764892578,36.12766647338867,59331
1996-11-19,48.1751708984375,48.51563262939453,46.813331604003906,47.47297286987305,35.54454803466797,425893
1996-11-20,46.813331604003906,46.813331604003906,45.111026763916016,46.230289459228516,34.61410903930664,265522
1996-11-21,45.96217727661133,48.53691101074219,45.96217727661133,48.42626190185547,36.25830841064453,333078
1996-11-22,48.08580017089844,48.51563262939453,47.23890686035156,48.511375427246094,36.32203674316406,172707
1996-11-25,47.40913772583008,49.7923583984375,47.21337127685547,49.52850341796875,37.08359146118164,102214
1996-11-26,49.87747573852539,51.069087982177734,49.707244873046875,50.562652587890625,37.857887268066406,212653
1996-11-27,48.94120788574219,48.94120788574219,48.034732818603516,48.298587799072266,36.162715911865234,169182
1996-11-28,48.09431457519531,48.94120788574219,48.09431457519531,48.94120788574219,36.643863677978516,75192
1996-11-29,50.13282012939453,50.38816452026367,49.366783142089844,49.800872802734375,37.28752136230469,44057
1996-12-02,49.962589263916016,50.30305099487305,49.19655227661133,49.68170928955078,37.19830322265625,46407
1996-12-03,49.7923583984375,50.21793746948242,48.643306732177734,49.97535705566406,37.41816329956055,140398
1996-12-04,47.4942512512207,49.1114387512207,47.4942512512207,48.200706481933594,36.089420318603516,366562
1996-12-05,48.26028823852539,49.02632522583008,48.21773147583008,49.02632522583008,36.707603454589844,18798
1996-12-06,48.94120788574219,49.40934371948242,48.94120788574219,49.077392578125,36.745826721191406,62856
1996-12-09,48.51988983154297,49.341251373291016,48.51563262939453,49.341251373291016,36.943389892578125,17623
1996-12-10,49.19655227661133,49.78384780883789,48.85609436035156,49.39231872558594,36.98162078857422,39945
1996-12-11,49.53701400756836,50.21793746948242,49.53701400756836,49.96684646606445,37.41179656982422,29959
1996-12-12,51.49466323852539,51.49466323852539,49.63489532470703,49.7923583984375,37.28114318847656,27022
1996-12-13,49.28166961669922,49.87747573852539,49.28166961669922,49.87747573852539,37.344886779785156,14685
1996-12-16,50.30305099487305,51.579776763916016,50.30305099487305,51.15420150756836,38.300804138183594,328378
1996-12-17,51.575523376464844,53.128875732421875,51.49892044067383,52.60541534423828,39.38737106323242,63443
1996-12-18,53.196964263916016,54.048118591308594,53.196964263916016,54.048118591308594,40.46757888793945,25259
1996-12-19,53.62254333496094,54.47369384765625,53.00545883178711,53.20122146606445,39.83347702026367,46407
1996-12-20,54.63541030883789,55.835533142089844,53.62679672241211,55.49507522583008,41.550960540771484,88703
1996-12-23,55.32484436035156,56.473899841308594,54.9248046875,55.6738166809082,41.68478775024414,246724
1996-12-24,56.005767822265625,57.27397918701172,54.899269104003906,56.93352127075195,42.62796401977539,368912
1996-12-25,56.93352127075195,56.93352127075195,56.93352127075195,56.93352127075195,42.62796401977539,0
1996-12-26,56.94203186035156,57.3505859375,56.776058197021484,56.85691833496094,42.57061767578125,16448
1996-12-27,56.85691833496094,56.85691833496094,56.85691833496094,56.85691833496094,42.57061767578125,0
1996-12-30,56.85691833496094,56.85691833496094,56.85691833496094,56.85691833496094,42.57061767578125,0
1996-12-31,55.754676818847656,57.02714920043945,55.75041961669922,56.03129959106445,41.952449798583984,78129
1997-01-01,57.02714920043945,57.878299713134766,56.68668746948242,57.46123504638672,43.02309036254883,80479
1997-01-02,57.878299713134766,57.878299713134766,56.269622802734375,57.776161193847656,43.25887680053711,284908
1997-01-03,57.11226272583008,57.96341323852539,57.02714920043945,57.886810302734375,43.34173583984375,35833
1997-01-06,58.30387496948242,58.899681091308594,57.878299713134766,57.96767044067383,43.40226745605469,22910
1997-01-07,58.2187614440918,59.155025482177734,57.622955322265625,58.678382873535156,43.93440246582031,130999
1997-01-08,58.55921936035156,60.516868591308594,58.55921936035156,60.43600845336914,45.250396728515625,210303
1997-01-09,60.516868591308594,61.28290557861328,60.19768524169922,61.28290557861328,45.884483337402344,27609
1997-01-10,62.538352966308594,64.34705352783203,62.134056091308594,63.51292037963867,47.55417251586914,98689
1997-01-13,64.17681884765625,65.24076080322266,63.49589920043945,65.11734008789062,48.75545120239258,111026
1997-01-14,66.8111343383789,67.240966796875,65.53866577148438,66.32172393798828,49.65721893310547,578040
1997-01-15,68.43257904052734,69.62419128417969,68.09211730957031,69.30926513671875,51.89408493041992,195029
1997-01-16,71.49671936035156,71.49671936035156,66.47492980957031,67.09201049804688,50.23395919799805,142160
1997-01-17,64.77262878417969,67.23670959472656,64.77262878417969,66.38981628417969,49.708194732666016,475826
1997-01-20,66.38981628417969,66.38981628417969,63.83635711669922,64.26618957519531,48.1181755065918,93402
1997-01-21,63.83635711669922,65.11308288574219,62.985206604003906,64.56409454345703,48.341224670410156,333078
1997-01-22,64.36407470703125,65.96424102783203,64.36407470703125,65.87911987304688,49.32583236694336,78716
1997-01-23,65.87911987304688,65.87911987304688,65.87911987304688,65.87911987304688,49.32583236694336,0
1997-01-24,65.5556869506836,67.41119384765625,65.5556869506836,66.47492980957031,49.771934509277344,365387
1997-01-27,67.240966796875,67.92188262939453,66.64515686035156,66.65367126464844,49.90575408935547,222639
1997-01-28,67.23670959472656,68.09211730957031,66.90050506591797,67.94741821289062,50.87443542480469,126299
1997-01-29,66.49195098876953,66.49195098876953,65.90039825439453,65.92167663574219,49.35770034790039,16448
1997-01-30,65.53866577148438,65.87911987304688,63.197994232177734,63.66613006591797,47.66889190673828,220289
1997-01-31,62.81923294067383,63.83635711669922,62.729862213134766,62.94690704345703,47.130393981933594,25847
1997-02-03,62.985206604003906,62.985206604003906,62.12980270385742,62.134056091308594,46.52177429199219,38771
1997-02-04,60.4317512512207,62.81497573852539,60.4317512512207,61.636131286621094,46.14896011352539,24085
1997-02-05,62.64474868774414,62.985206604003906,59.58060073852539,60.967979431152344,45.648704528808594,44645
1997-02-06,60.857330322265625,60.857330322265625,59.77210998535156,60.13810729980469,45.027347564697266,104564
1997-02-07,60.09129333496094,60.772212982177734,60.09129333496094,60.52963638305664,45.32048416137695,10573
1997-02-10,60.47431182861328,61.49569320678711,60.47431182861328,61.14672088623047,45.782527923583984,25847
1997-02-11,61.28290557861328,62.985206604003906,61.28290557861328,61.94680404663086,46.38157653808594,264347
1997-02-12,61.70848083496094,63.151180267333984,61.70848083496094,62.942649841308594,47.127201080322266,39358
1997-02-13,62.985206604003906,63.83635711669922,62.985206604003906,63.42354965209961,47.48725509643555,93402
1997-02-14,64.26193237304688,64.26193237304688,63.58101272583008,63.951263427734375,47.88238525390625,153321
1997-02-17,64.68750762939453,64.68750762939453,63.500152587890625,63.83635711669922,47.796348571777344,48170
1997-02-18,63.83635711669922,63.92147445678711,62.985206604003906,63.01925277709961,47.18455123901367,66380
1997-02-19,63.0703239440918,63.41078186035156,62.50004959106445,63.21501922607422,47.33113479614258,86353
1997-02-20,63.0703239440918,63.41078186035156,63.0703239440918,63.27885437011719,47.37892532348633,24085
1997-02-21,63.1384162902832,63.1384162902832,61.87871170043945,62.39791488647461,46.71934127807617,65205
1997-02-24,62.134056091308594,62.985206604003906,61.55952835083008,62.55963134765625,46.84042739868164,387710
1997-02-25,61.70848083496094,62.56388854980469,61.70848083496094,62.2361946105957,46.5982551574707,28784
1997-02-26,62.134056091308594,62.55963134765625,61.968082427978516,62.55112075805664,46.83404541015625,11748
1997-02-27,62.134056091308594,62.985206604003906,62.134056091308594,62.9766960144043,47.15269088745117,31134
1997-02-28,66.56004333496094,70.2199935913086,66.56004333496094,69.21563720703125,51.823978424072266,75779
1997-03-03,73.8714370727539,76.31423950195312,73.8714370727539,75.06730651855469,56.205318450927734,187980
1997-03-04,76.17805480957031,77.45478057861328,74.81621551513672,76.80790710449219,57.508567810058594,373611
1997-03-05,80.00823974609375,80.63809204101562,78.39530181884766,80.63809204101562,60.3763427734375,454678
1997-03-06,78.3059310913086,84.4342269897461,78.3059310913086,84.1958999633789,63.040218353271484,519296
1997-03-07,84.1958999633789,84.1958999633789,84.1958999633789,84.1958999633789,63.040218353271484,0
1997-03-10,81.28496551513672,82.22122955322266,80.09761047363281,80.8253402709961,60.51655960083008,401221
1997-03-11,78.92301940917969,81.2721939086914,77.88035583496094,78.96131896972656,59.12089538574219,375373
1997-03-12,81.96588134765625,81.96588134765625,79.34859466552734,79.9656753540039,59.872886657714844,143335
1997-03-13,80.51892852783203,80.51892852783203,78.3059310913086,78.73150634765625,58.94882583618164,73429
1997-03-14,78.22081756591797,80.00823974609375,77.28455352783203,79.8933334350586,59.8187255859375,1247134
1997-03-17,80.00823974609375,81.71054077148438,78.98685455322266,80.85087585449219,60.53568649291992,432355
1997-03-18,80.178466796875,81.62542724609375,80.178466796875,81.30624389648438,60.876609802246094,210303
1997-03-19,80.94450378417969,81.45519256591797,80.09335327148438,80.59127807617188,60.34130859375,58156
1997-03-20,80.00823974609375,81.11473083496094,79.72735595703125,80.51041412353516,60.28075408935547,39358
1997-03-21,80.85087585449219,81.19559478759766,80.44657897949219,80.67213439941406,60.40184020996094,21735
1997-03-24,80.67213439941406,80.67213439941406,80.67213439941406,80.67213439941406,60.40184020996094,0
1997-03-25,80.85939025878906,81.71054077148438,80.4338150024414,81.52328491210938,61.03911590576172,139810
1997-03-26,81.795654296875,82.98726654052734,81.12324523925781,81.93183898925781,61.34501647949219,507547
1997-03-27,81.20835876464844,83.79586029052734,81.20835876464844,83.32772827148438,62.39015579223633,310755
1997-03-28,83.32772827148438,83.32772827148438,83.32772827148438,83.32772827148438,62.39015579223633,0
1997-03-31,80.4338150024414,80.4338150024414,75.326904296875,77.13134765625,57.750732421875,64030
1997-04-01,78.3059310913086,78.3059310913086,76.60363006591797,77.6335220336914,58.12672805786133,123362
1997-04-02,79.15708923339844,80.30188751220703,79.15708923339844,80.03377532958984,59.92386245727539,390647
1997-04-03,80.60404205322266,80.60404205322266,79.50180053710938,80.178466796875,60.03221893310547,33484
1997-04-04,80.15718841552734,80.582763671875,79.41668701171875,80.23379516601562,60.073631286621094,73429
1997-04-07,79.33157348632812,80.13165283203125,78.85918426513672,79.49329376220703,59.51920700073242,103976
1997-04-08,79.49329376220703,79.49329376220703,79.49329376220703,79.49329376220703,59.51920700073242,0
1997-04-09,80.178466796875,83.412841796875,79.59542846679688,80.13591003417969,60.000343322753906,359512
1997-04-10,79.83800506591797,79.9231185913086,78.73576354980469,79.21240997314453,59.308902740478516,326616
1997-04-11,77.9697265625,80.00823974609375,77.53990173339844,79.87631225585938,59.80598449707031,187980
1997-04-14,79.87631225585938,79.87631225585938,79.87631225585938,79.87631225585938,59.80598449707031,0
1997-04-15,80.60404205322266,80.60404205322266,78.0080337524414,78.17400360107422,58.53140640258789,149209
1997-04-16,78.17400360107422,78.17400360107422,78.17400360107422,78.17400360107422,58.53140640258789,0
1997-04-17,78.73150634765625,80.00823974609375,78.64639282226562,79.87205505371094,59.80278778076172,385947
1997-04-18,79.87205505371094,79.87205505371094,79.87205505371094,79.87205505371094,59.80278778076172,0
1997-04-21,80.00823974609375,81.71054077148438,79.88056182861328,81.15303802490234,60.761905670166016,408857
1997-04-22,81.28496551513672,81.28496551513672,80.7444839477539,81.0806884765625,60.707740783691406,266697
1997-04-23,80.94450378417969,81.71054077148438,80.81683349609375,80.85939025878906,60.542049407958984,40533
1997-04-24,80.4338150024414,81.88076782226562,80.26358032226562,81.6041488647461,61.099674224853516,1343474
1997-04-25,80.85939025878906,81.28496551513672,80.85939025878906,81.2041015625,60.80014419555664,42295
1997-04-28,80.76576232910156,80.76576232910156,79.9231185913086,80.26358032226562,60.0959587097168,27609
1997-04-29,77.45478057861328,79.32305908203125,77.45478057861328,79.06346130371094,59.19736099243164,156258
1997-04-30,79.63372802734375,80.0550537109375,78.98685455322266,79.82098388671875,59.76454162597656,207366
1997-05-01,79.82098388671875,79.82098388671875,79.82098388671875,79.82098388671875,59.76454162597656,0
1997-05-02,79.15708923339844,79.66777801513672,78.57830047607422,79.32305908203125,59.391746520996094,149797
1997-05-05,79.23368835449219,79.23368835449219,77.13985443115234,77.34413146972656,57.91006088256836,162720
1997-05-06,77.02920532226562,77.62501525878906,75.24604797363281,76.25891876220703,57.09752655029297,294307
1997-05-07,75.34392547607422,76.77386474609375,75.34392547607422,75.73971557617188,56.70877456665039,86941
1997-05-08,75.326904296875,76.26316833496094,74.05017852783203,76.17805480957031,57.03696823120117,283145
1997-05-09,75.75247955322266,76.99516296386719,75.75247955322266,76.67172241210938,57.4066047668457,313692
1997-05-12,76.3482894897461,77.11431884765625,76.22061157226562,77.0377197265625,57.680641174316406,227926
1997-05-13,76.73555755615234,77.45052337646484,76.60363006591797,77.23348236083984,57.82720184326172,224401
1997-05-14,77.28455352783203,77.88035583496094,76.77386474609375,77.76119995117188,58.22233963012695,71080
1997-05-15,77.79524230957031,78.3059310913086,77.79524230957031,77.88461303710938,58.31473159790039,78129
1997-05-16,77.5611801147461,78.09314727783203,77.5611801147461,77.86333465576172,58.298797607421875,44057
1997-05-19,78.22081756591797,78.22081756591797,77.80375671386719,77.90589141845703,58.33065414428711,76954
1997-05-20,77.9654769897461,77.9654769897461,77.02920532226562,77.2292251586914,57.82400894165039,64030
1997-05-21,76.60363006591797,77.41222381591797,75.75247955322266,76.83344268798828,57.52769088745117,264347
1997-05-22,75.83759307861328,76.6887435913086,73.709716796875,76.24614715576172,57.08795928955078,249661
1997-05-23,76.60363006591797,77.85482025146484,76.60363006591797,77.47605895996094,58.00883483886719,116900
1997-05-26,78.3059310913086,78.64639282226562,77.28455352783203,77.88461303710938,58.31473159790039,226751
1997-05-27,78.13570404052734,79.13155364990234,77.9654769897461,78.75704193115234,58.967933654785156,136285
1997-05-28,79.15708923339844,81.28496551513672,78.22081756591797,78.38253784179688,58.68754959106445,45820
1997-05-29,77.88035583496094,79.5826644897461,77.88035583496094,78.79534912109375,58.996620178222656,46995
1997-05-30,78.9911117553711,79.15708923339844,78.73150634765625,79.1145248413086,59.2356071472168,16448
1997-06-02,79.41242980957031,79.91886901855469,78.7740707397461,79.5613784790039,59.57017135620117,133348
1997-06-03,79.99972534179688,79.99972534179688,78.78257751464844,79.00387573242188,59.15277099609375,114550
1997-06-04,79.76140594482422,79.76140594482422,78.73150634765625,79.69331359863281,59.66896057128906,306055
1997-06-05,79.49754333496094,79.83800506591797,79.24645233154297,79.71459197998047,59.684898376464844,69317
1997-06-06,79.07196807861328,80.00823974609375,79.07196807861328,79.66352081298828,59.64665985107422,223227
1997-06-09,79.24220275878906,81.28496551513672,79.16559600830078,80.51892852783203,60.57838439941406,954589
1997-06-10,80.64234161376953,81.6041488647461,78.73150634765625,79.28475952148438,59.64984893798828,609174
1997-06-11,81.71054077148438,82.8170394897461,81.71054077148438,82.3616714477539,61.96477127075195,398871
1997-06-12,82.22122955322266,83.24261474609375,82.09355926513672,82.84256744384766,62.326576232910156,166245
1997-06-13,83.20005798339844,83.24261474609375,82.56169128417969,82.96173095703125,62.41621780395508,250836
1997-06-16,82.2254867553711,82.73191833496094,81.8892822265625,82.05950927734375,61.7374382019043,587439
1997-06-17,82.38294982910156,82.73191833496094,81.96588134765625,82.54041290283203,62.09926223754883,71667
1997-06-18,82.56169128417969,82.8170394897461,81.28496551513672,81.3360366821289,61.19312286376953,178581
1997-06-19,81.05089569091797,81.45519256591797,80.85939025878906,81.28496551513672,61.15472412109375,48757
1997-06-20,81.11473083496094,81.71054077148438,81.11473083496094,81.25942993164062,61.13549041748047,42883
1997-06-23,81.2041015625,81.795654296875,80.94450378417969,80.99557495117188,60.9370002746582,82241
1997-06-24,80.987060546875,81.28496551513672,80.85939025878906,80.93598937988281,60.89215850830078,18798
1997-06-25,81.62542724609375,81.62542724609375,78.73150634765625,79.59542846679688,59.88359832763672,58156
1997-06-26,80.00823974609375,80.00823974609375,79.50180053710938,79.68479919433594,59.95082473754883,85178
1997-06-27,79.49754333496094,81.7020263671875,79.28475952148438,80.65511322021484,60.68083190917969,239675
1997-06-30,80.582763671875,84.17887878417969,80.582763671875,82.93194580078125,62.39381408691406,747223
1997-07-01,83.42135620117188,85.11514282226562,83.412841796875,84.73212432861328,63.7481803894043,429418
1997-07-02,84.85980224609375,88.83893585205078,84.69808197021484,86.69403076171875,65.22423553466797,662631
1997-07-03,85.96629333496094,88.09417724609375,84.34910583496094,85.43858337402344,64.27967834472656,433530
1997-07-04,85.11514282226562,87.20046997070312,85.11514282226562,86.83447265625,65.32990264892578,454090
1997-07-07,87.62604522705078,89.79647827148438,87.62604522705078,89.1410903930664,67.06526947021484,589201
1997-07-08,90.22205352783203,91.15831756591797,88.77510070800781,90.38803100585938,68.00340270996094,520471
1997-07-09,91.07320404052734,92.60527801513672,90.64762878417969,91.76689147949219,69.04077911376953,529283
1997-07-10,92.69039154052734,94.22246551513672,90.64762878417969,90.77104949951172,68.29158020019531,445866
1997-07-11,89.79647827148438,90.22205352783203,88.1154556274414,88.77084350585938,66.78670501708984,217940
1997-07-14,88.5197525024414,89.79647827148438,86.98767852783203,88.06012725830078,66.25199890136719,590964
1997-07-15,86.0514144897461,87.830322265625,84.68956756591797,85.20451354980469,64.10358428955078,667331
1997-07-16,86.39187622070312,86.39187622070312,82.57020568847656,84.08950805664062,63.26469421386719,206191
1997-07-17,83.92353057861328,84.51934051513672,83.412841796875,83.58732604980469,62.88688659667969,182106
1997-07-18,83.58732604980469,83.58732604980469,83.58732604980469,83.58732604980469,62.88688659667969,0
1997-07-21,82.56169128417969,82.56169128417969,80.00823974609375,82.12334442138672,61.785457611083984,182106
1997-07-22,83.6256332397461,83.83841705322266,82.39997100830078,82.99152374267578,62.43862533569336,55806
1997-07-23,84.26399230957031,86.39187622070312,83.49795532226562,85.96204376220703,64.67352294921875,294307
1997-07-24,86.81745147705078,90.14545440673828,86.81745147705078,89.41345977783203,67.27019500732422,617986
1997-07-25,89.79647827148438,90.55825805664062,88.5197525024414,88.92830657958984,66.90516662597656,487574
1997-07-28,88.5197525024414,88.94532775878906,88.10694122314453,88.45166015625,66.54658508300781,53456
1997-07-29,88.09417724609375,89.79647827148438,88.09417724609375,89.62625122070312,67.43028259277344,449978
1997-07-30,91.92435455322266,94.10755920410156,91.92435455322266,94.10755920410156,70.8017807006836,346589
1997-07-31,96.0098876953125,98.69100952148438,95.15872955322266,98.09520721435547,73.80189514160156,983961
1997-08-01,97.3717269897461,98.73356628417969,94.90764617919922,98.09095001220703,73.79869079589844,596251
1997-08-04,98.30799102783203,99.07402801513672,97.3717269897461,97.78878784179688,73.57135772705078,232626
1997-08-05,97.88241577148438,99.8400650024414,97.79730224609375,99.41023254394531,74.79125213623047,259060
1997-08-06,100.43587493896484,100.43587493896484,98.3973617553711,99.11658477783203,74.5703125,29959
1997-08-07,99.66983795166016,100.8614501953125,97.03126525878906,97.86539459228516,73.62899017333984,324854
1997-08-08,97.45684051513672,100.26564025878906,96.61420440673828,97.73346710205078,73.52972412109375,215590
1997-08-11,94.47781372070312,96.6056900024414,94.47781372070312,95.29491424560547,71.69510650634766,190917
1997-08-12,95.46514892578125,95.7970962524414,91.24343872070312,91.80094146728516,69.06640625,179169
1997-08-13,89.5453872680664,92.34142303466797,89.5453872680664,91.14129638671875,68.57011413574219,148034
1997-08-14,89.45601654052734,90.22205352783203,87.67285919189453,88.5197525024414,66.59780883789062,41708
1997-08-15,88.5197525024414,88.5197525024414,88.5197525024414,88.5197525024414,66.59780883789062,0
1997-08-18,88.09417724609375,88.09417724609375,86.9025650024414,87.20046997070312,65.60525512695312,133936
1997-08-19,86.81745147705078,88.09417724609375,85.96629333496094,86.31526947021484,64.93925476074219,56394
1997-08-20,85.96629333496094,85.96629333496094,84.68956756591797,85.13217163085938,64.0491714477539,444691
1997-08-21,86.38336181640625,86.38336181640625,82.1446304321289,82.58722686767578,62.13446807861328,87528
1997-08-22,82.15739440917969,82.77448272705078,80.85939025878906,81.54031372070312,61.34682083129883,408857
1997-08-25,80.09335327148438,82.56169128417969,80.00823974609375,82.47657775878906,62.051212310791016,117487
1997-08-26,82.604248046875,82.8170394897461,82.0126953125,82.61701965332031,62.156890869140625,152146
1997-08-27,84.26399230957031,85.71095275878906,84.00865173339844,85.11514282226562,64.03633117675781,228513
1997-08-28,84.4767837524414,85.37049102783203,81.83821105957031,82.47657775878906,62.051212310791016,226164
1997-08-29,81.71054077148438,82.47657775878906,80.77427673339844,81.88076782226562,61.60295486450195,224401
1997-09-01,82.0510025024414,83.24261474609375,81.96588134765625,83.00428771972656,62.44825744628906,150384
1997-09-02,82.98726654052734,83.83841705322266,81.28922271728516,82.20846557617188,61.84951400756836,159783
1997-09-03,81.795654296875,83.75330352783203,81.795654296875,83.24261474609375,62.62755584716797,21735
1997-09-04,82.64680480957031,82.98726654052734,82.56169128417969,82.64680480957031,62.17927551269531,21147
1997-09-05,82.98726654052734,83.73202514648438,82.57020568847656,83.41709899902344,62.75882339477539,69317
1997-09-08,83.412841796875,85.11514282226562,83.412841796875,84.51508331298828,63.58489990234375,114550
1997-09-09,85.11514282226562,85.11514282226562,83.16175079345703,83.44263458251953,62.778038024902344,39358
1997-09-10,84.26399230957031,84.26399230957031,83.07238006591797,83.6256332397461,62.915706634521484,22910
1997-09-11,84.85980224609375,84.85980224609375,80.85939025878906,84.20441436767578,63.3511848449707,33484
1997-09-12,83.58732604980469,83.58732604980469,82.98726654052734,82.98726654052734,62.43545150756836,77542
1997-09-15,82.8170394897461,83.412841796875,82.56169128417969,82.8595962524414,62.33939743041992,20560
1997-09-16,83.24261474609375,83.24261474609375,82.22122955322266,82.84256744384766,62.326576232910156,68142
1997-09-17,82.39146423339844,83.817138671875,82.39146423339844,83.35326385498047,62.71080017089844,33484
1997-09-18,82.90215301513672,83.412841796875,82.64680480957031,82.98726654052734,62.43545150756836,292544
1997-09-19,82.73191833496094,83.83841705322266,82.64680480957031,83.25963592529297,62.640357971191406,134523
1997-09-22,83.23835754394531,83.412841796875,82.65106201171875,82.86385345458984,62.342594146728516,403570
1997-09-23,83.23835754394531,83.32772827148438,82.13611602783203,82.8595962524414,62.33939743041992,126299
1997-09-24,84.05120849609375,84.05120849609375,82.73617553710938,83.008544921875,62.45144271850586,192092
1997-09-25,83.07238006591797,83.24261474609375,82.57020568847656,82.57020568847656,62.121665954589844,19385
1997-09-26,83.40858459472656,83.412841796875,82.8170394897461,82.98726654052734,62.43545150756836,12336
1997-09-29,82.98726654052734,85.11514282226562,82.98726654052734,84.86405944824219,63.847442626953125,119837
1997-09-30,86.39187622070312,91.498779296875,84.18313598632812,90.47314453125,68.06743621826172,392409
1997-10-01,87.6686019897461,87.94522094726562,86.39187622070312,87.23876953125,65.6340560913086,239675
1997-10-02,87.23876953125,87.23876953125,87.23876953125,87.23876953125,65.6340560913086,0
1997-10-03,87.23876953125,87.23876953125,87.23876953125,87.23876953125,65.6340560913086,0
1997-10-06,87.23876953125,87.23876953125,87.23876953125,87.23876953125,65.6340560913086,0
1997-10-07,87.23876953125,87.23876953125,87.23876953125,87.23876953125,65.6340560913086,0
1997-10-08,87.23876953125,87.23876953125,87.23876953125,87.23876953125,65.6340560913086,0
1997-10-09,86.75786590576172,86.81745147705078,86.13652801513672,86.33229064941406,64.95207214355469,61681
1997-10-10,86.22164154052734,86.647216796875,85.88117980957031,86.41741180419922,65.01610565185547,142160
1997-10-13,86.81745147705078,87.04725646972656,85.96629333496094,86.1237564086914,64.79515075683594,130999
1997-10-14,85.54072570800781,85.54072570800781,82.56594848632812,82.80001068115234,62.2945442199707,64030
1997-10-15,84.85980224609375,84.94491577148438,84.26399230957031,84.58317565917969,63.63611602783203,24672
1997-10-16,85.88117980957031,87.24302673339844,85.11514282226562,85.58328247070312,64.38854217529297,182106
1997-10-17,86.04290008544922,86.34931182861328,85.20026397705078,85.35346984863281,64.21565246582031,36421
1997-10-20,85.1236572265625,86.00885772705078,85.11514282226562,85.35346984863281,64.21565246582031,39358
1997-10-21,84.86405944824219,86.39187622070312,84.86405944824219,85.63434600830078,64.42696380615234,472888
1997-10-22,87.6686019897461,87.6686019897461,85.11514282226562,85.11514282226562,64.03633117675781,24085
1997-10-23,84.68956756591797,84.68956756591797,84.26399230957031,84.32357788085938,63.440826416015625,17623
1997-10-24,83.4383773803711,83.65967559814453,82.58722686767578,83.58307647705078,62.883689880371094,63443
1997-10-27,83.1574935913086,83.6256332397461,83.1574935913086,83.6256332397461,62.915706634521484,9399
1997-10-28,81.4594497680664,81.4594497680664,76.60363006591797,76.90153503417969,57.856842041015625,552780
1997-10-29,81.71054077148438,81.71054077148438,80.00823974609375,81.04663848876953,60.97541046142578,210303
1997-10-30,80.85939025878906,80.8636474609375,79.83800506591797,79.97418975830078,60.16855239868164,17623
1997-10-31,79.97418975830078,79.97418975830078,79.97418975830078,79.97418975830078,60.16855239868164,0
1997-11-03,80.7317123413086,81.02961730957031,80.0550537109375,80.09335327148438,60.25819778442383,42295
1997-11-04,81.71054077148438,82.98726654052734,80.85939025878906,81.9573745727539,61.660614013671875,257298
1997-11-05,82.56169128417969,83.24261474609375,82.13611602783203,83.07238006591797,62.499473571777344,92228
1997-11-06,82.39571380615234,82.8170394897461,80.85939025878906,81.4849853515625,61.305206298828125,85178
1997-11-07,80.4338150024414,82.1446304321289,77.62501525878906,78.81237030029297,59.294456481933594,553955
1997-11-10,77.92716979980469,78.72725677490234,75.75247955322266,76.47595977783203,57.53665542602539,131586
1997-11-11,76.17805480957031,77.26753234863281,75.02899932861328,75.45883178710938,56.771427154541016,484050
1997-11-12,75.15667724609375,75.326904296875,73.75653076171875,74.60342407226562,56.127864837646484,54044
1997-11-13,73.80760192871094,75.28434753417969,73.80760192871094,74.56938171386719,56.10224533081055,324854
1997-11-14,74.56938171386719,74.56938171386719,74.56938171386719,74.56938171386719,56.10224533081055,0
1997-11-17,74.47575378417969,74.47575378417969,73.62460327148438,74.05443572998047,55.71482467651367,447628
1997-11-18,73.79483032226562,74.09273529052734,71.49671936035156,72.23297119140625,54.34444808959961,367149
1997-11-19,70.73068237304688,73.36925506591797,70.64556884765625,73.12242126464844,55.01364517211914,65793
1997-11-20,71.59034729003906,75.66736602783203,71.59034729003906,73.25860595703125,55.11608123779297,81654
1997-11-21,73.53948974609375,74.8545150756836,72.77345275878906,72.9564437866211,54.88874816894531,81066
1997-11-24,72.96495819091797,73.20753479003906,72.092529296875,72.11380767822266,54.25480651855469,222052
1997-11-25,72.77345275878906,73.53948974609375,72.45426940917969,72.79473114013672,54.767093658447266,207953
1997-11-26,72.3478775024414,75.24179077148438,69.36884307861328,70.475341796875,53.02208709716797,299594
1997-11-27,69.84123229980469,71.92229461669922,69.79441833496094,71.5392837524414,53.82255172729492,58156
1997-11-28,70.81580352783203,70.98603057861328,70.30510711669922,70.98603057861328,53.40632247924805,125712
1997-12-01,70.1391372680664,70.1391372680664,68.94326782226562,69.51354217529297,52.298484802246094,119837
1997-12-02,69.32628631591797,71.0711441040039,68.94326782226562,70.47108459472656,53.01888656616211,280796
1997-12-03,68.94326782226562,70.90091705322266,68.858154296875,70.51364135742188,53.0509147644043,168007
1997-12-04,68.51769256591797,70.04976654052734,68.51769256591797,68.96028900146484,51.882232666015625,117487
1997-12-05,69.3177719116211,69.3177719116211,66.47492980957031,66.78559875488281,50.246116638183594,32309
1997-12-08,66.07063293457031,67.240966796875,65.96424102783203,66.77283477783203,50.23651885986328,296069
1997-12-09,66.81539154052734,67.04519653320312,64.94285583496094,66.63239288330078,50.130863189697266,27022
1997-12-10,66.30469512939453,66.81539154052734,64.6960220336914,66.72176361083984,50.198081970214844,28784
1997-12-11,66.26213836669922,66.30469512939453,60.60198211669922,64.13851928710938,48.25459289550781,209128
1997-12-12,63.66613006591797,63.66613006591797,57.878299713134766,60.38494110107422,45.43059539794922,247312
1997-12-15,60.00617980957031,60.00617980957031,57.1973762512207,60.001922607421875,45.142417907714844,85178
1997-12-16,60.00617980957031,60.512611389160156,59.750831604003906,60.1210823059082,45.2320671081543,93402
1997-12-17,60.52112579345703,62.21916961669922,60.52112579345703,62.01063919067383,46.65366744995117,147447
1997-12-18,62.81497573852539,64.94285583496094,62.0744743347168,62.76390838623047,47.220401763916016,75192
1997-12-19,62.55963134765625,63.24055480957031,62.24045181274414,62.942649841308594,47.35487365722656,36421
1997-12-22,62.985206604003906,68.09211730957031,62.985206604003906,64.26193237304688,48.347442626953125,215590
1997-12-23,64.64495086669922,65.11308288574219,62.134056091308594,62.82774353027344,47.2684326171875,105151
1997-12-24,61.4531364440918,62.985206604003906,58.742218017578125,62.278751373291016,46.85540008544922,1160193
1997-12-25,62.278751373291016,62.278751373291016,62.278751373291016,62.278751373291016,46.85540008544922,0
1997-12-26,62.30428695678711,62.55963134765625,61.29141616821289,61.85317611694336,46.53521728515625,58743
1997-12-29,62.96392822265625,63.40227127075195,62.410682678222656,63.087345123291016,47.4637336730957,128061
1997-12-30,62.77241897583008,63.491641998291016,62.227684020996094,62.925628662109375,47.342071533203125,106913
1997-12-31,63.41078186035156,64.26193237304688,62.985206604003906,63.81082534790039,48.0080451965332,143335
1998-01-01,63.41078186035156,64.26193237304688,63.41078186035156,64.14703369140625,48.26097869873047,24085
1998-01-02,64.17681884765625,64.98541259765625,63.83635711669922,64.62367248535156,48.61959457397461,153321
1998-01-05,65.11308288574219,67.15585327148438,65.11308288574219,66.16000366210938,49.77545928955078,130999
1998-01-06,66.04509735107422,66.38981628417969,65.11308288574219,65.7216567993164,49.445655822753906,271397
1998-01-07,65.87911987304688,69.53907775878906,62.985206604003906,63.65336227416992,47.88957977294922,356575
1998-01-08,63.41078186035156,63.41078186035156,61.28290557861328,61.40206527709961,46.19581985473633,274334
1998-01-09,60.516868591308594,60.94244384765625,58.2187614440918,58.99330520629883,44.38358688354492,424131
1998-01-12,57.878299713134766,57.878299713134766,53.62254333496094,53.97151565551758,40.605445861816406,472301
1998-01-13,54.899269104003906,55.75041961669922,53.62254333496094,53.82681655883789,40.49658966064453,415907
1998-01-14,55.49507522583008,56.175994873046875,54.38857650756836,55.90788269042969,42.06227111816406,297831
1998-01-15,55.5801887512207,56.175994873046875,55.15461349487305,55.958953857421875,42.1006965637207,116313
1998-01-16,56.13343811035156,56.34622573852539,55.75893020629883,56.05257797241211,42.17113494873047,100452
1998-01-19,54.48220443725586,55.75041961669922,54.48220443725586,55.54188919067383,41.78692626953125,52869
1998-01-20,55.835533142089844,56.04832458496094,54.75031661987305,54.992897033691406,41.37388229370117,179756
1998-01-21,54.907779693603516,55.06949996948242,54.72903823852539,54.81840896606445,41.24261474609375,64030
1998-01-22,55.02694320678711,55.02694320678711,54.22260284423828,54.448158264160156,40.96405029296875,60506
1998-01-23,54.303462982177734,54.34601974487305,53.06929397583008,53.55445098876953,40.29166793823242,100452
1998-01-26,53.55445098876953,53.55445098876953,53.55445098876953,53.55445098876953,40.29166793823242,0
1998-01-27,53.196964263916016,53.62254333496094,50.39667892456055,51.09036636352539,38.43782043457031,374198
1998-01-28,51.49466323852539,51.579776763916016,49.7923583984375,49.99238204956055,37.61174392700195,123949
1998-01-29,49.7923583984375,50.809486389160156,48.600746154785156,50.30305099487305,37.84547805786133,158608
1998-01-30,50.64351272583008,51.75000762939453,50.64351272583008,50.911624908447266,38.3033332824707,215590
1998-02-02,51.09462356567383,54.3672981262207,51.069087982177734,53.52040481567383,40.266056060791016,230863
1998-02-03,53.196964263916016,53.45231246948242,51.069087982177734,51.822357177734375,38.98853302001953,847087
1998-02-04,51.9415168762207,52.933109283447266,51.92023849487305,51.9415168762207,39.078182220458984,119250
1998-02-05,51.92023849487305,52.3458137512207,51.622337341308594,51.75851821899414,38.94050216674805,524583
1998-02-06,51.664894104003906,52.51604461669922,51.49466323852539,51.99258804321289,39.11660385131836,181518
1998-02-09,51.92023849487305,52.686275482177734,51.89896011352539,52.49476623535156,39.494415283203125,52282
1998-02-10,52.435184478759766,52.77138900756836,51.92023849487305,52.32453536987305,39.3663444519043,210890
1998-02-11,52.77138900756836,52.79692459106445,52.17558288574219,52.724578857421875,39.66731262207031,57569
1998-02-12,51.928749084472656,52.55860137939453,51.924495697021484,52.45646286010742,39.46559524536133,138635
1998-02-13,52.601158142089844,53.090572357177734,52.430931091308594,52.830970764160156,39.74736022949219,72255
1998-02-16,52.830970764160156,52.830970764160156,52.830970764160156,52.830970764160156,39.74736022949219,0
1998-02-17,53.20122146606445,53.486358642578125,52.430931091308594,52.9033203125,39.80178451538086,140398
1998-02-18,53.196964263916016,53.196964263916016,51.92023849487305,52.31602478027344,39.359947204589844,48170
1998-02-19,51.9670524597168,52.171329498291016,50.89885711669922,51.567012786865234,38.796424865722656,72842
1998-02-20,51.49466323852539,52.09046936035156,51.49466323852539,51.813846588134766,38.98212432861328,53456
1998-02-23,51.83512496948242,52.218143463134766,51.626590728759766,52.141536712646484,39.22866439819336,27022
1998-02-24,52.026634216308594,52.09046936035156,50.983970642089844,51.74149703979492,38.927703857421875,245549
1998-02-25,52.09046936035156,52.941619873046875,51.92023849487305,52.481998443603516,39.48481369018555,83416
1998-02-26,52.77138900756836,53.79277038574219,52.3458137512207,53.01396942138672,39.885040283203125,92815
1998-02-27,53.03099060058594,56.167484283447266,53.026737213134766,54.494972229003906,40.999271392822266,370086
1998-03-02,55.75041961669922,59.155025482177734,55.06949996948242,58.542198181152344,44.04420471191406,580977
1998-03-03,56.729244232177734,56.85691833496094,53.30335998535156,55.83979034423828,42.01104736328125,217352
1998-03-04,56.222808837890625,57.282493591308594,55.929161071777344,56.737754821777344,42.68663024902344,69905
1998-03-05,56.005767822265625,57.0058708190918,55.75041961669922,56.21855545043945,42.29601287841797,113375
1998-03-06,56.30366897583008,56.60157012939453,55.06949996948242,56.1376953125,42.235164642333984,136873
1998-03-09,56.175994873046875,56.60157012939453,55.754676818847656,56.48666763305664,42.49772644042969,71667
1998-03-10,56.34622573852539,56.60157012939453,55.929161071777344,56.23557662963867,42.30881118774414,113963
1998-03-11,56.34622573852539,56.929264068603516,56.175994873046875,56.71647644042969,42.67061233520508,52282
1998-03-12,56.354736328125,56.94203186035156,56.175994873046875,56.729244232177734,42.680240631103516,143922
1998-03-13,56.729244232177734,56.729244232177734,56.729244232177734,56.729244232177734,42.680240631103516,0
1998-03-16,58.64433670043945,58.64433670043945,57.02714920043945,57.12077331542969,42.97478485107422,63443
1998-03-17,56.34622573852539,57.02714920043945,55.75041961669922,56.737754821777344,42.68663024902344,135111
1998-03-18,56.737754821777344,57.878299713134766,56.737754821777344,57.61444091796875,43.34619903564453,68142
1998-03-19,58.47410583496094,58.47410583496094,56.77180099487305,57.02714920043945,42.90435791015625,150971
1998-03-20,56.85691833496094,56.85691833496094,55.33761215209961,55.94618606567383,42.09109115600586,499323
1998-03-23,55.848304748535156,56.175994873046875,55.84404754638672,56.175994873046875,42.26398849487305,32309
1998-03-24,55.75041961669922,56.59305953979492,55.49507522583008,56.34622573852539,42.392059326171875,399458
1998-03-25,57.36760711669922,57.36760711669922,56.073856353759766,56.478153228759766,42.49130630493164,252598
1998-03-26,56.70796585083008,59.155025482177734,56.70796585083008,57.35909652709961,43.15409851074219,427655
1998-03-27,57.622955322265625,58.50815200805664,57.11226272583008,58.184715270996094,43.77524948120117,654995
1998-03-30,58.30387496948242,60.26152420043945,57.622955322265625,58.02299499511719,43.65358352661133,809491
1998-03-31,58.38898849487305,58.38898849487305,56.36750411987305,56.81010437011719,42.741050720214844,399458
1998-04-01,57.282493591308594,58.133644104003906,57.282493591308594,57.43144226074219,43.208526611328125,1071489
1998-04-02,58.04853057861328,58.47410583496094,57.282493591308594,57.86127471923828,43.53190994262695,1220111
1998-04-03,57.11226272583008,57.45272445678711,56.77180099487305,57.25270462036133,43.07405471801758,261410
1998-04-06,57.45272445678711,59.41037368774414,57.03565979003906,58.1251335144043,43.73042678833008,635022
1998-04-07,58.72945022583008,61.28290557861328,58.554962158203125,59.06991195678711,44.44123840332031,626797
1998-04-08,59.06991195678711,59.06991195678711,59.06991195678711,59.06991195678711,44.44123840332031,0
1998-04-09,60.857330322265625,62.474517822265625,60.09129333496094,61.14246368408203,46.000518798828125,635609
1998-04-10,60.857330322265625,61.70848083496094,59.58060073852539,59.78062057495117,44.97592544555664,415907
1998-04-13,58.640079498291016,59.708274841308594,58.04853057861328,58.291107177734375,43.85529708862305,649120
1998-04-14,58.291107177734375,58.291107177734375,58.291107177734375,58.291107177734375,43.85529708862305,0
1998-04-15,60.772212982177734,63.746986389160156,60.772212982177734,62.6660270690918,47.146759033203125,1356397
1998-04-16,62.55963134765625,66.2195816040039,62.30854034423828,64.38961029052734,48.4434928894043,2714557
1998-04-17,65.53866577148438,70.2199935913086,65.02796936035156,69.74760437011719,52.47458267211914,2283377
1998-04-20,69.79441833496094,72.80323791503906,69.53907775878906,72.05422973632812,54.209983825683594,2015504
1998-04-21,71.0711441040039,72.7521743774414,70.86261749267578,72.15210723876953,54.283607482910156,420606
1998-04-22,74.05017852783203,75.30562591552734,67.75165557861328,68.7900619506836,51.75416946411133,902307
1998-04-23,68.94326782226562,71.49671936035156,66.81539154052734,67.56439971923828,50.83204650878906,777769
1998-04-24,64.006591796875,67.75165557861328,60.810516357421875,63.26183319091797,47.59501266479492,976324
1998-04-27,64.77262878417969,67.240966796875,63.58101272583008,63.883174896240234,48.06247329711914,631497
1998-04-28,63.83635711669922,63.83635711669922,61.112674713134766,61.33823013305664,46.14778518676758,1075014
1998-04-29,62.21916961669922,66.9856185913086,62.21916961669922,63.585269927978516,47.83835220336914,355400
1998-04-30,62.64474868774414,65.02796936035156,62.389400482177734,64.41939544677734,48.46590805053711,410032
1998-05-01,64.41939544677734,64.41939544677734,64.41939544677734,64.41939544677734,48.46590805053711,0
1998-05-04,65.68761444091797,66.9856185913086,65.11308288574219,66.54302215576172,50.0636100769043,534569
1998-05-05,66.81539154052734,69.36884307861328,65.96424102783203,67.92613983154297,51.10421371459961,785994
1998-05-06,69.79441833496094,69.79441833496094,67.1218032836914,67.6707992553711,50.91209411621094,1127296
1998-05-07,67.6707992553711,67.6707992553711,67.6707992553711,67.6707992553711,50.91209411621094,0
1998-05-08,68.7389907836914,69.02838134765625,62.568145751953125,65.39396667480469,49.199127197265625,2205835
1998-05-11,63.15543746948242,64.34705352783203,59.589111328125,60.57645034790039,45.57466506958008,1544965
1998-05-12,60.27003479003906,60.4317512512207,54.558807373046875,58.85712432861328,44.2811393737793,2706921
1998-05-13,56.60157012939453,60.4317512512207,56.431339263916016,59.0954475402832,44.46043395996094,1124359
1998-05-14,59.58060073852539,61.69997024536133,59.58060073852539,60.83179473876953,45.76677703857422,710801
1998-05-15,61.28290557861328,61.28290557861328,57.878299713134766,59.23588562011719,44.566097259521484,1536741
1998-05-18,60.0274543762207,60.0274543762207,57.878299713134766,58.989051818847656,44.38039016723633,515771
1998-05-19,58.98479461669922,59.58060073852539,58.440059661865234,59.303977966308594,44.61731719970703,548081
1998-05-20,59.58060073852539,60.00617980957031,59.06991195678711,59.542301177978516,44.79662322998047,612111
1998-05-21,59.750831604003906,59.750831604003906,57.02714920043945,57.80595016479492,43.49028396606445,842388
1998-05-22,57.537837982177734,58.133644104003906,57.282493591308594,57.93788146972656,43.58955001831055,293719
1998-05-25,57.537837982177734,58.29536437988281,57.537837982177734,57.933624267578125,43.586334228515625,185043
1998-05-26,57.793182373046875,57.793182373046875,56.60157012939453,56.75477981567383,42.69944381713867,530457
1998-05-27,57.1973762512207,57.282493591308594,56.175994873046875,56.5419921875,42.539337158203125,709626
1998-05-28,55.367401123046875,55.920650482177734,54.899269104003906,55.29079818725586,41.59800720214844,747223
1998-05-29,54.048118591308594,54.048118591308594,51.069087982177734,52.20537567138672,39.27669143676758,2975968
1998-06-01,53.53742599487305,56.85691833496094,53.45231246948242,54.209835052490234,40.78474426269531,1151968
1998-06-02,54.47369384765625,56.7930793762207,54.052371978759766,55.74616622924805,41.940608978271484,1601947
1998-06-03,56.68668746948242,58.291107177734375,55.23973083496094,57.67402267456055,43.39103317260742,1131408
1998-06-04,57.02714920043945,58.38898849487305,56.431339263916016,57.635719299316406,43.36220932006836,1022732
1998-06-05,56.516456604003906,57.45272445678711,56.516456604003906,56.96331024169922,42.85631561279297,419431
1998-06-08,57.45272445678711,57.793182373046875,54.13323211669922,56.3887825012207,42.4240837097168,898195
1998-06-09,56.18025207519531,57.0058708190918,55.754676818847656,56.4824104309082,42.4945182800293,979261
1998-06-10,56.60157012939453,56.814361572265625,54.643924713134766,56.60582733154297,42.587364196777344,264935
1998-06-11,55.75041961669922,55.920650482177734,54.47369384765625,55.82276916503906,41.998233795166016,215002
1998-06-12,56.261112213134766,56.60157012939453,55.754676818847656,56.26536560058594,42.33123016357422,150384
1998-06-15,55.75041961669922,55.79297637939453,52.3458137512207,52.66925048828125,39.62568283081055,431768
1998-06-16,51.15420150756836,51.15420150756836,47.485740661621094,50.64351272583008,38.10162353515625,558067
1998-06-17,54.899269104003906,55.6993522644043,54.13323211669922,55.6993522644043,41.90538787841797,398871
1998-06-18,57.02714920043945,57.45272445678711,54.899269104003906,57.11651611328125,42.971588134765625,1348761
1998-06-19,56.62285232543945,56.62285232543945,54.048118591308594,55.03119659423828,41.4026985168457,218527
1998-06-22,53.290592193603516,53.86937713623047,49.7923583984375,52.49476623535156,39.494415283203125,330141
1998-06-23,51.49466323852539,53.690635681152344,50.89885711669922,53.42251968383789,40.19241714477539,141572
1998-06-24,53.62254333496094,55.5801887512207,53.456565856933594,55.38016891479492,41.665252685546875,139810
1998-06-25,56.073856353759766,57.36760711669922,55.920650482177734,57.04417037963867,42.91715621948242,181518
1998-06-26,57.02714920043945,57.36760711669922,55.707862854003906,56.8186149597168,42.74746322631836,145684
1998-06-29,55.5801887512207,57.878299713134766,55.5801887512207,57.631465911865234,43.3590087890625,125712
1998-06-30,57.11226272583008,57.69955825805664,56.68668746948242,57.014381408691406,43.22993087768555,89878
1998-07-01,56.18450927734375,56.60157012939453,55.49507522583008,56.03555679321289,42.48775863647461,125124
1998-07-02,55.665306091308594,55.707862854003906,54.21834945678711,55.31633377075195,41.94242858886719,287257
1998-07-03,54.899269104003906,55.48656463623047,51.91172790527344,52.16281509399414,39.55133819580078,696115
1998-07-06,52.77138900756836,54.03960418701172,51.332942962646484,52.28623580932617,39.644920349121094,388297
1998-07-07,52.686275482177734,53.70765686035156,52.66499710083008,53.026737213134766,40.20638656616211,61681
1998-07-08,53.20122146606445,54.37155532836914,53.20122146606445,53.98427963256836,40.93242263793945,88115
1998-07-09,54.46518325805664,56.60157012939453,54.46518325805664,56.520713806152344,42.85563278198242,373024
1998-07-10,56.77180099487305,56.77180099487305,55.15461349487305,55.80574417114258,42.31351089477539,223814
1998-07-13,56.175994873046875,56.175994873046875,54.899269104003906,55.095035552978516,41.77463912963867,319567
1998-07-14,54.856712341308594,55.32484436035156,54.56306457519531,55.056732177734375,41.7455940246582,330728
1998-07-15,55.15461349487305,55.49507522583008,54.81415557861328,55.1758918762207,41.83594512939453,160370
1998-07-16,54.47369384765625,55.5801887512207,53.5587043762207,55.19291687011719,41.84884262084961,182693
1998-07-17,54.899269104003906,56.175994873046875,54.856712341308594,55.048221588134766,41.739139556884766,179756
1998-07-20,54.72903823852539,55.15461349487305,54.048118591308594,54.92054748535156,41.642337799072266,318392
1998-07-21,54.72478485107422,55.32484436035156,53.196964263916016,53.503379821777344,40.56780242919922,656757
1998-07-22,54.558807373046875,55.06949996948242,53.45231246948242,53.76723861694336,40.76786422729492,226751
1998-07-23,53.45231246948242,53.750213623046875,52.3458137512207,52.56285858154297,39.85466766357422,427068
1998-07-24,52.00535583496094,52.77138900756836,51.49466323852539,52.54158020019531,39.83852767944336,145097
1998-07-27,52.686275482177734,52.77138900756836,51.66063690185547,51.74149703979492,39.23188781738281,106326
1998-07-28,51.664894104003906,52.686275482177734,51.49466323852539,52.44795227050781,39.767547607421875,172119
1998-07-29,52.601158142089844,53.196964263916016,52.29474639892578,52.82246017456055,40.051490783691406,61093
1998-07-30,53.62254333496094,53.62254333496094,52.133026123046875,52.435184478759766,39.75786590576172,187980
1998-07-31,52.26070022583008,52.51604461669922,52.00535583496094,52.20962905883789,39.58684539794922,39945
1998-08-03,51.49892044067383,51.92023849487305,49.13271713256836,49.72852325439453,37.70560073852539,161545
1998-08-04,50.213680267333984,50.213680267333984,48.94120788574219,49.12846374511719,37.250606536865234,252598
1998-08-05,48.600746154785156,49.1114387512207,47.91982650756836,48.57521438598633,36.83111572265625,539269
1998-08-06,49.53701400756836,50.64351272583008,49.1114387512207,49.405086517333984,37.4603385925293,526933
1998-08-07,49.19655227661133,49.366783142089844,48.52414321899414,49.26890182495117,37.35709762573242,196204
1998-08-10,48.51563262939453,48.600746154785156,47.4942512512207,47.75385284423828,36.208335876464844,192092
1998-08-11,47.00484085083008,47.081443786621094,46.519683837890625,46.634586334228516,35.359683990478516,394171
1998-08-12,46.132408142089844,46.132408142089844,44.68545150756836,44.9748420715332,34.1012077331543,351876
1998-08-13,44.68545150756836,45.53660202026367,43.54490661621094,44.71949768066406,33.907596588134766,521058
1998-08-14,44.34498977661133,45.02591323852539,44.33647918701172,44.413082122802734,33.67526626586914,148034
1998-08-17,44.68545150756836,45.111026763916016,44.08964538574219,44.264129638671875,33.56232452392578,249074
1998-08-18,43.91941452026367,44.00453186035156,41.876651763916016,41.987300872802734,31.835979461669922,509897
1998-08-19,42.30222702026367,43.391700744628906,41.7064208984375,42.140506744384766,31.952133178710938,475826
1998-08-20,42.6426887512207,43.7279052734375,41.7064208984375,43.33211898803711,32.855655670166016,373611
1998-08-21,42.55757141113281,43.11082077026367,41.7064208984375,41.91069793701172,31.777889251708984,437642
1998-08-24,41.36595916748047,41.36595916748047,39.37852096557617,40.297767639160156,30.55491828918457,404158
1998-08-25,40.42969512939453,42.131996154785156,40.004119873046875,40.50204086303711,30.70980453491211,629147
1998-08-26,40.50204086303711,40.50204086303711,40.50204086303711,40.50204086303711,30.70980453491211,0
1998-08-27,41.7064208984375,42.04688262939453,40.0892333984375,40.17009353637695,30.458114624023438,627972
1998-08-28,39.59556579589844,39.89772415161133,37.288944244384766,37.52726745605469,28.454248428344727,674967
1998-08-31,36.599510192871094,37.025089263916016,35.407901763916016,36.527164459228516,27.695941925048828,342477
1998-09-01,34.98232650756836,35.57813262939453,34.13117218017578,34.39077377319336,26.07607078552246,582152
1998-09-02,35.2376708984375,35.322784423828125,34.407798767089844,34.76953887939453,26.363262176513672,426481
1998-09-03,34.57802963256836,35.003604888916016,34.3014030456543,34.458866119384766,26.127700805664062,338365
1998-09-04,34.93976593017578,37.17829513549805,34.514190673828125,36.93571853637695,28.005718231201172,1828699
1998-09-07,37.195316314697266,39.56577682495117,37.025089263916016,38.757179260253906,29.38680648803711,1418666
1998-09-08,38.72739028930664,39.62110137939453,38.40821075439453,39.28915023803711,29.790159225463867,775420
1998-09-09,40.004119873046875,41.323402404785156,39.58705520629883,40.10200119018555,30.406492233276367,2030778
1998-09-10,39.663658142089844,40.25520706176758,39.42533493041992,39.974327087402344,30.30968475341797,638546
1998-09-11,38.81250762939453,39.4083137512207,37.87623977661133,39.02529525756836,29.59009552001953,1337012
1998-09-14,39.57854461669922,42.14902114868164,39.57854461669922,42.140506744384766,31.952133178710938,2440223
1998-09-15,41.876651763916016,43.3236083984375,41.7064208984375,42.851219177246094,32.49102783203125,1686538
1998-09-16,43.40872573852539,43.749183654785156,42.55757141113281,42.72780227661133,32.39745330810547,860598
1998-09-17,43.11082077026367,43.81302261352539,42.55757141113281,43.44276809692383,32.93955993652344,832989
1998-09-18,43.749183654785156,43.749183654785156,42.898033142089844,43.37467956542969,32.887916564941406,683192
1998-09-21,43.3236083984375,43.4512825012207,40.77015686035156,42.21711349487305,32.01022720336914,1047404
1998-09-22,42.45969009399414,42.72780227661133,42.00857925415039,42.353294372558594,32.11347579956055,661456
1998-09-23,42.81291961669922,44.2598762512207,42.429901123046875,43.78322982788086,33.197696685791016,1019794
1998-09-24,44.34498977661133,45.634483337402344,44.34498977661133,45.35360336303711,34.38840103149414,684367
1998-09-25,45.53660202026367,45.96217727661133,44.60033416748047,44.706729888916016,33.897926330566406,675555
1998-09-28,45.28125762939453,45.70683288574219,44.52798843383789,44.872703552246094,34.02377700805664,687891
1998-09-29,44.817378997802734,44.9407958984375,43.595977783203125,43.97473907470703,33.342918395996094,582739
1998-09-30,44.08964538574219,44.23859786987305,43.3236083984375,43.63002395629883,33.0815315246582,628560
1998-10-01,43.63002395629883,43.63002395629883,43.63002395629883,43.63002395629883,33.0815315246582,0
1998-10-02,43.63002395629883,43.63002395629883,43.63002395629883,43.63002395629883,33.0815315246582,0
1998-10-05,41.791534423828125,42.04688262939453,40.77015686035156,41.44681930541992,31.42616081237793,1033893
1998-10-06,41.38298416137695,43.06826400756836,40.982940673828125,41.87239456176758,31.748842239379883,489924
1998-10-07,42.98314666748047,44.08964538574219,42.55757141113281,43.851322174072266,33.24933624267578,687304
1998-10-08,44.21731948852539,44.98335266113281,42.55757141113281,42.7916374206543,32.44584274291992,853549
1998-10-09,42.98314666748047,43.91941452026367,42.98314666748047,43.21721649169922,32.76853561401367,1051516
1998-10-12,43.66407012939453,44.00453186035156,42.72780227661133,43.37042236328125,32.88470458984375,630322
1998-10-13,43.081031799316406,43.40872573852539,42.898033142089844,43.17891311645508,32.7394905090332,657344
1998-10-14,43.3236083984375,44.251365661621094,42.85547637939453,44.01304244995117,33.371952056884766,875872
1998-10-15,43.83430099487305,45.53660202026367,43.83430099487305,45.0940055847168,34.191566467285156,842388
1998-10-16,45.53660202026367,46.30263900756836,44.69396209716797,46.13666534423828,34.98213577270508,1245371
1998-10-19,46.6856575012207,46.728214263916016,45.02591323852539,45.102516174316406,34.198020935058594,336602
1998-10-20,44.9407958984375,45.19614028930664,43.83430099487305,44.64714813232422,33.85275650024414,989248
1998-10-21,44.64714813232422,44.64714813232422,44.64714813232422,44.64714813232422,33.85275650024414,0
1998-10-22,44.00453186035156,45.0684700012207,43.00442886352539,43.757694244384766,33.1783332824707,548668
1998-10-23,43.40872573852539,44.047088623046875,41.36595916748047,41.783023834228516,31.681093215942383,1913290
1998-10-26,42.540550231933594,44.2598762512207,42.540550231933594,43.92792510986328,33.30741500854492,1334075
1998-10-27,44.2598762512207,44.2598762512207,42.898033142089844,43.3576545715332,32.8750114440918,1114372
1998-10-28,43.91941452026367,44.68545150756836,43.63853454589844,43.78322982788086,33.197696685791016,596838
1998-10-29,43.66407012939453,44.659915924072266,43.58320999145508,44.17050552368164,33.49134826660156,1211887
1998-10-30,44.60033416748047,44.60033416748047,43.58320999145508,43.795997619628906,33.20738220214844,692003
1998-11-02,43.3236083984375,43.62151336669922,42.47245788574219,43.502349853515625,32.9847297668457,465839
1998-11-03,43.40872573852539,43.91941452026367,42.991661071777344,43.200191497802734,32.75563049316406,983373
1998-11-04,43.200191497802734,43.200191497802734,43.200191497802734,43.200191497802734,32.75563049316406,0
1998-11-05,43.1959342956543,43.57895278930664,42.131996154785156,42.646942138671875,32.33613204956055,866473
1998-11-06,43.1959342956543,43.1959342956543,41.876651763916016,42.35755157470703,32.1167106628418,1650705
1998-11-09,43.1959342956543,44.2598762512207,42.898033142089844,43.97899627685547,33.346134185791016,1056803
1998-11-10,43.83430099487305,44.2598762512207,43.40872573852539,44.03432083129883,33.38808822631836,795393
1998-11-11,44.855682373046875,47.55808639526367,44.855682373046875,46.566497802734375,35.308048248291016,2447860
1998-11-12,46.132408142089844,47.14527893066406,45.7493896484375,46.76226043701172,35.45648193359375,1230685
1998-11-13,47.57936477661133,47.91982650756836,46.43031311035156,47.23039245605469,35.811431884765625,1366384
1998-11-16,46.813331604003906,46.89844512939453,45.974945068359375,46.36647415161133,35.15639114379883,657344
1998-11-17,46.26008224487305,46.387752532958984,45.664276123046875,45.84727478027344,34.76272964477539,959288
1998-11-18,46.20901107788086,47.23890686035156,46.04729461669922,46.87290954589844,35.540382385253906,253186
1998-11-19,47.234649658203125,47.243160247802734,46.39626693725586,46.5579833984375,35.30159378051758,320741
1998-11-20,46.64310073852539,46.6856575012207,46.30263900756836,46.55373001098633,35.298362731933594,215002
1998-11-23,45.80046081542969,46.217525482177734,45.72385787963867,46.11112976074219,34.9627799987793,206191
1998-11-24,46.04729461669922,46.20475769042969,44.349246978759766,44.68545150756836,33.881778717041016,306643
1998-11-25,44.68545150756836,44.68545150756836,44.68545150756836,44.68545150756836,33.881778717041016,0
1998-11-26,43.17465591430664,44.43010711669922,42.47245788574219,43.06826400756836,32.65559005737305,463489
1998-11-27,42.3873405456543,42.81291961669922,41.621307373046875,42.131996154785156,31.9456844329834,445279
1998-11-30,41.71493148803711,42.5490608215332,41.49363327026367,42.4809684753418,32.21029281616211,190330
1998-12-01,42.5150146484375,42.98314666748047,42.21711349487305,42.55757141113281,32.26836395263672,301943
1998-12-02,42.65119934082031,43.144866943359375,42.47245788574219,42.685245513916016,32.36518478393555,295482
1998-12-03,42.57884979248047,42.91505432128906,42.400108337402344,42.770362854003906,32.42972183227539,251424
1998-12-04,42.57884979248047,42.96612548828125,42.30222702026367,42.96612548828125,32.57814407348633,289020
1998-12-07,43.06826400756836,43.74067306518555,43.06826400756836,43.3831901550293,32.894378662109375,260823
1998-12-08,43.40872573852539,43.493839263916016,42.21711349487305,42.2383918762207,32.02635955810547,380660
1998-12-09,42.5150146484375,43.83430099487305,42.5150146484375,43.4512825012207,32.94601058959961,291957
1998-12-10,43.53639602661133,45.8770637512207,43.53639602661133,45.27274703979492,34.32710266113281,1016270
1998-12-11,45.625972747802734,45.8770637512207,44.9407958984375,45.10676956176758,34.20124053955078,481112
1998-12-14,45.23870086669922,45.23870086669922,43.92367172241211,44.01304244995117,33.371952056884766,393584
1998-12-15,44.06836700439453,44.06836700439453,42.14902114868164,42.72780227661133,32.39745330810547,511659
1998-12-16,42.72780227661133,43.400211334228516,42.30222702026367,42.96186828613281,32.57492446899414,381835
1998-12-17,41.8340950012207,42.72780227661133,41.66386413574219,41.7064208984375,31.62300682067871,864123
1998-12-18,41.7064208984375,42.47245788574219,41.7064208984375,42.30222702026367,32.074764251708984,333665
1998-12-21,42.72780227661133,43.1959342956543,42.485225677490234,42.72780227661133,32.39745330810547,910531
1998-12-22,43.153377532958984,43.293819427490234,42.336273193359375,42.81291961669922,32.461978912353516,582152
1998-12-23,43.749183654785156,43.749183654785156,42.834197998046875,43.00442886352539,32.6071891784668,437642
1998-12-24,42.81291961669922,43.05549621582031,42.140506744384766,42.6426887512207,32.33292007446289,313105
1998-12-25,42.6426887512207,42.6426887512207,42.6426887512207,42.6426887512207,32.33292007446289,0
1998-12-28,42.6426887512207,43.238494873046875,42.40862274169922,43.06826400756836,32.65559005737305,378898
1998-12-29,42.3873405456543,42.898033142089844,41.876651763916016,41.96176528930664,31.81661033630371,541619
1998-12-30,42.72780227661133,43.66407012939453,42.72780227661133,43.493839263916016,32.978275299072266,235563
1998-12-31,43.67258071899414,45.08549118041992,43.25977325439453,43.57895278930664,33.042816162109375,938728
1999-01-01,44.00453186035156,45.0003776550293,43.847068786621094,44.38754653930664,33.655906677246094,478175
1999-01-04,44.864192962646484,45.08974838256836,44.2598762512207,44.58331298828125,33.804351806640625,647945
1999-01-05,44.72800827026367,44.72800827026367,44.00453186035156,44.515220642089844,33.75271987915039,397109
1999-01-06,45.53660202026367,45.96217727661133,44.68545150756836,45.919620513916016,34.81758117675781,508722
1999-01-07,46.11112976074219,46.983558654785156,45.83450698852539,46.20901107788086,35.0369987487793,602712
1999-01-08,47.21337127685547,48.94120788574219,46.47712326049805,48.345401763916016,36.6568603515625,1912703
1999-01-11,50.452003479003906,50.452003479003906,48.090057373046875,48.3028450012207,36.624595642089844,1027431
1999-01-12,48.090057373046875,49.1114387512207,47.23890686035156,47.3665771484375,35.914695739746094,646770
1999-01-13,48.51563262939453,49.53701400756836,47.57936477661133,48.1751708984375,36.52778625488281,431768
1999-01-14,47.32402038574219,48.51563262939453,47.15378952026367,47.41339111328125,35.950191497802734,486987
1999-01-15,46.813331604003906,46.813331604003906,43.62151336669922,43.62151336669922,33.07509231567383,774245
1999-01-18,43.493839263916016,43.91941452026367,41.81281661987305,42.944847106933594,32.56201934814453,407095
1999-01-19,42.21711349487305,43.57895278930664,42.131996154785156,42.131996154785156,31.9456844329834,616224
1999-01-20,42.131996154785156,42.131996154785156,42.131996154785156,42.131996154785156,31.9456844329834,0
1999-01-21,42.6426887512207,43.153377532958984,41.536190032958984,42.55757141113281,32.26836395263672,601538
1999-01-22,43.238494873046875,43.302330017089844,41.96176528930664,42.131996154785156,31.9456844329834,399458
1999-01-25,42.02985763549805,42.30648422241211,41.536190032958984,42.04688262939453,31.881162643432617,968687
1999-01-26,42.04688262939453,42.04688262939453,42.04688262939453,42.04688262939453,31.881162643432617,0
1999-01-27,42.32350540161133,43.74067306518555,42.31073760986328,42.804405212402344,32.45552444458008,1052691
1999-01-28,43.1959342956543,43.40872573852539,42.00432586669922,42.131996154785156,31.9456844329834,511659
1999-01-29,41.791534423828125,42.21711349487305,41.791534423828125,42.21711349487305,32.01022720336914,296069
1999-02-01,42.45117950439453,42.45117950439453,41.029754638671875,41.029754638671875,31.10993766784668,294894
1999-02-02,40.616947174072266,41.280845642089844,40.0551872253418,40.067955017089844,30.38066291809082,766608
1999-02-03,41.536190032958984,41.536190032958984,40.85527038574219,41.0255012512207,31.10671043395996,258473
1999-02-04,40.85527038574219,41.280845642089844,40.2169075012207,40.51055145263672,30.716259002685547,296069
1999-02-05,40.42969512939453,40.42969512939453,39.16999053955078,40.0892333984375,30.396808624267578,242612
1999-02-08,40.09774398803711,40.09774398803711,39.23808288574219,39.49342727661133,29.945043563842773,316629
1999-02-09,39.1529655456543,39.1529655456543,38.3443717956543,38.72739028930664,29.364212036132812,338365
1999-02-10,38.897621154785156,39.4083137512207,38.757179260253906,39.4083137512207,29.88051414489746,139810
1999-02-11,39.79132843017578,42.55757141113281,39.23808288574219,39.32319641113281,29.815977096557617,203841
1999-02-12,39.67216873168945,39.67216873168945,38.59971618652344,38.642276763916016,29.299686431884766,172707
1999-02-15,38.98273849487305,39.57854461669922,38.4720458984375,38.557159423828125,29.23514175415039,227339
1999-02-16,38.31458282470703,38.68483352661133,37.47194290161133,37.47194290161133,28.412296295166016,492274
1999-02-17,38.046470642089844,38.557159423828125,37.70600891113281,38.301815032958984,29.041534423828125,190330
1999-02-18,38.3443717956543,39.06785202026367,38.11030578613281,38.22521209716797,28.98345184326172,279621
1999-02-19,38.71036911010742,39.06785202026367,37.62089538574219,37.62089538574219,28.525239944458008,376548
1999-02-22,37.87623977661133,38.03795623779297,36.646324157714844,37.025089263916016,28.073482513427734,146272
1999-02-23,36.51439666748047,37.016578674316406,36.433536529541016,36.55695343017578,27.718530654907227,411207
1999-02-24,37.45066452026367,37.96135330200195,36.71867370605469,37.45066452026367,28.396163940429688,187393
1999-02-25,37.79112243652344,39.1529655456543,37.493221282958984,37.72728729248047,28.605911254882812,514597
1999-02-26,38.21670150756836,38.4720458984375,37.6634521484375,37.803890228271484,28.66399574279785,291369
1999-03-01,36.684627532958984,36.684627532958984,35.16106414794922,35.74835968017578,27.10542869567871,721375
1999-03-02,35.74835968017578,35.74835968017578,35.74835968017578,35.74835968017578,27.10542869567871,0
1999-03-03,35.96114730834961,37.45066452026367,35.96114730834961,36.34416580200195,27.55718994140625,414732
1999-03-04,36.55695343017578,36.55695343017578,35.33555221557617,35.74835968017578,27.10542869567871,227339
1999-03-05,35.57813262939453,35.83347702026367,34.73549270629883,34.90571975708008,26.46651840209961,439992
1999-03-08,34.99083709716797,36.1739387512207,34.98232650756836,35.23341369628906,26.71498680114746,394759
1999-03-09,35.49301528930664,36.12712478637695,35.2376708984375,35.322784423828125,26.782747268676758,747810
1999-03-10,37.36554718017578,37.36554718017578,34.89720916748047,34.89720916748047,26.460060119628906,650882
1999-03-11,35.322784423828125,35.49301528930664,33.331092834472656,33.450252532958984,25.362943649291992,1358747
1999-03-12,33.6204833984375,34.050315856933594,32.6842155456543,34.050315856933594,25.81792449951172,364212
1999-03-15,34.046058654785156,35.1099967956543,33.28002166748047,34.718467712402344,26.32453727722168,799505
1999-03-16,34.53546905517578,35.77815246582031,34.13117218017578,34.4290771484375,26.10511589050293,1059740
1999-03-17,35.067440032958984,36.08882141113281,35.067440032958984,35.15255355834961,26.65367889404297,924042
1999-03-18,35.2376708984375,35.663246154785156,35.067440032958984,35.663246154785156,27.04090118408203,546906
1999-03-19,35.74835968017578,37.45066452026367,35.57813262939453,35.57813262939453,26.97635841369629,1966160
1999-03-22,35.65473556518555,38.45927810668945,35.57813262939453,37.4421501159668,28.389707565307617,2804436
1999-03-23,37.86772918701172,40.42969512939453,37.55705642700195,38.4720458984375,29.170616149902344,3106380
1999-03-24,40.004119873046875,40.004119873046875,35.407901763916016,36.30160903930664,27.524917602539062,2187037
1999-03-25,33.53536605834961,37.195316314697266,33.53536605834961,36.73569869995117,27.85405921936035,2651114
1999-03-26,37.195316314697266,37.87623977661133,35.49301528930664,36.939971923828125,28.008943557739258,2451972
1999-03-29,36.939971923828125,36.939971923828125,36.939971923828125,36.939971923828125,28.008943557739258,0
1999-03-30,35.49301528930664,37.45066452026367,35.322784423828125,37.45066452026367,28.396163940429688,2039589
1999-03-31,37.87623977661133,40.44671630859375,37.70600891113281,39.4083137512207,29.88051414489746,1151757
1999-04-01,40.17435073852539,42.04688262939453,39.57854461669922,40.59992218017578,30.784032821655273,1405402
1999-04-02,40.59992218017578,40.59992218017578,40.59992218017578,40.59992218017578,30.784032821655273,0
1999-04-05,38.046470642089844,39.32319641113281,38.046470642089844,38.46353530883789,29.164159774780273,684390
1999-04-06,37.897518157958984,39.14445495605469,37.87623977661133,38.72739028930664,29.364212036132812,608704
1999-04-07,38.7486686706543,39.816864013671875,38.7486686706543,38.77420425415039,29.399717330932617,314009
1999-04-08,39.57854461669922,40.59992218017578,38.51460266113281,38.72739028930664,29.364212036132812,661633
1999-04-09,38.557159423828125,38.98273849487305,38.13158416748047,38.25925827026367,29.009267807006836,364118
1999-04-12,38.301815032958984,39.4083137512207,38.301815032958984,38.85932159423828,29.464248657226562,458907
1999-04-13,38.72313690185547,38.897621154785156,38.301815032958984,38.56992721557617,29.244829177856445,819865
1999-04-14,38.56992721557617,38.56992721557617,38.56992721557617,38.56992721557617,29.244829177856445,0
1999-04-15,38.301815032958984,40.17435073852539,38.13158416748047,38.98273849487305,29.557836532592773,460364
1999-04-16,39.412567138671875,42.10220718383789,38.897621154785156,42.10220718383789,31.92310905456543,2655367
1999-04-19,38.301815032958984,41.25956726074219,38.301815032958984,40.34457778930664,30.590417861938477,646759
1999-04-20,40.59992218017578,43.57469940185547,40.59992218017578,43.57469940185547,33.03959274291992,958971
1999-04-21,44.08964538574219,47.06441879272461,44.08964538574219,47.06441879272461,35.685585021972656,1756338
1999-04-22,50.83076477050781,50.83076477050781,46.49414825439453,49.7923583984375,37.753997802734375,4534727
1999-04-23,53.196964263916016,53.196964263916016,49.366783142089844,50.64351272583008,38.39936447143555,1620263
1999-04-26,47.834712982177734,50.10728454589844,47.32402038574219,49.27315902709961,37.360321044921875,1421356
1999-04-27,49.27315902709961,49.27315902709961,49.27315902709961,49.27315902709961,37.360321044921875,0
1999-04-28,48.430519104003906,53.196964263916016,47.45169448852539,50.21793746948242,38.07667922973633,3151248
1999-04-29,50.46477127075195,50.46477127075195,46.821842193603516,47.41339111328125,35.950191497802734,758137
1999-04-30,48.51563262939453,49.19655227661133,47.32402038574219,48.090057373046875,36.463260650634766,846935
1999-05-03,48.1751708984375,48.94120788574219,46.64310073852539,46.89844512939453,35.55974578857422,539069
1999-05-04,47.3665771484375,50.64776611328125,46.983558654785156,48.51563262939453,36.785945892333984,1162719
1999-05-05,49.341251373291016,49.962589263916016,46.89844512939453,48.66458511352539,36.89888381958008,1776863
1999-05-06,48.605003356933594,51.877681732177734,48.605003356933594,50.460514068603516,38.26061248779297,2897674
1999-05-07,52.09046936035156,54.499229431152344,52.086212158203125,53.79277038574219,40.7872200012207,4398394
1999-05-10,54.81415557861328,58.091087341308594,54.47369384765625,55.75041961669922,42.271568298339844,1783372
1999-05-11,56.175994873046875,56.94203186035156,52.7756462097168,55.32484436035156,41.948883056640625,1192137
1999-05-12,55.571678161621094,55.571678161621094,52.81820297241211,54.3672981262207,41.222843170166016,965574
1999-05-13,54.21834945678711,55.15461349487305,53.026737213134766,53.196964263916016,40.33546447753906,639698
1999-05-14,53.52891540527344,55.72488784790039,52.00535583496094,52.77138900756836,40.012779235839844,1754999
1999-05-17,52.77138900756836,53.36719512939453,50.047706604003906,51.792564392089844,39.270606994628906,507947
1999-05-18,50.903114318847656,52.85650634765625,50.38816452026367,50.64351272583008,38.39936447143555,1153695
1999-05-19,51.83512496948242,51.83512496948242,49.19655227661133,49.366783142089844,37.431312561035156,1548666
1999-05-20,49.366783142089844,51.49466323852539,49.02632522583008,49.87747573852539,37.81853103637695,1139891
1999-05-21,49.87747573852539,50.64351272583008,45.92387771606445,49.451900482177734,37.495845794677734,1251939
1999-05-24,49.87747573852539,51.324432373046875,49.366783142089844,50.64351272583008,38.39936447143555,445608
1999-05-25,51.23931884765625,54.38857650756836,50.89034652709961,51.92023849487305,39.367408752441406,1262160
1999-05-26,52.64371871948242,52.64371871948242,49.366783142089844,49.87747573852539,37.81853103637695,1027842
1999-05-27,49.37529754638672,50.983970642089844,48.51563262939453,48.94120788574219,37.1086311340332,365175
1999-05-28,48.51563262939453,49.28166961669922,46.068572998046875,46.813331604003906,35.495216369628906,706783
1999-05-31,47.32402038574219,49.366783142089844,47.32402038574219,48.85609436035156,37.0440788269043,372542
1999-06-01,48.51988983154297,48.77097702026367,47.32402038574219,47.375091552734375,35.92115020751953,311213
1999-06-02,48.21773147583008,48.51563262939453,46.217525482177734,46.90270233154297,35.5629768371582,336732
1999-06-03,47.40913772583008,48.196449279785156,46.983558654785156,47.749595642089844,36.20511245727539,201867
1999-06-04,48.081546783447266,48.94120788574219,48.081546783447266,48.34965896606445,36.66010284423828,553097
1999-06-07,48.85609436035156,51.49466323852539,48.600746154785156,51.49466323852539,39.044734954833984,538153
1999-06-08,49.53701400756836,55.23973083496094,49.53701400756836,55.23973083496094,41.884342193603516,278657
1999-06-09,56.005767822265625,56.005767822265625,51.15420150756836,51.32017517089844,38.91242599487305,422603
1999-06-10,52.17558288574219,52.686275482177734,51.49466323852539,51.775543212890625,39.2576904296875,428396
1999-06-11,51.75000762939453,51.83512496948242,50.21793746948242,51.16271209716797,38.79304122924805,205662
1999-06-14,50.64351272583008,51.54147720336914,49.451900482177734,51.171226501464844,38.79948806762695,689477
1999-06-15,51.579776763916016,55.15461349487305,51.579776763916016,53.77149200439453,40.771087646484375,1520575
1999-06-16,54.37581253051758,55.23973083496094,53.22249984741211,54.12046432495117,41.03568649291992,756998
1999-06-17,54.550296783447266,57.45272445678711,54.550296783447266,56.061092376708984,42.50712585449219,1180812
1999-06-18,56.005767822265625,56.68668746948242,54.605621337890625,55.116310119628906,41.790767669677734,472360
1999-06-21,56.167484283447266,56.175994873046875,55.15461349487305,55.307823181152344,41.93598175048828,688796
1999-06-22,55.32484436035156,59.32525634765625,55.32484436035156,57.593162536621094,43.66878128051758,3070992
1999-06-23,58.81456756591797,59.14225769042969,54.47369384765625,55.3291015625,41.95211410522461,1272393
1999-06-24,54.26090621948242,55.06949996948242,53.30335998535156,54.02684020996094,40.96469497680664,520553
1999-06-25,54.052371978759766,55.06949996948242,49.707244873046875,53.550193786621094,40.60328674316406,913961
1999-06-28,53.95874786376953,54.303462982177734,53.196964263916016,53.97151565551758,40.92275619506836,876706
1999-06-29,54.72903823852539,54.899269104003906,52.98417663574219,53.32038116455078,40.42904281616211,1347351
1999-06-30,54.38857650756836,54.38857650756836,53.11185073852539,53.7119140625,40.72591781616211,1848202
1999-07-01,54.12897872924805,57.537837982177734,54.12897872924805,55.57593536376953,42.139259338378906,4391686
1999-07-02,56.60157012939453,58.2187614440918,54.81840896606445,55.59721374511719,42.1554069519043,6585643
1999-07-05,56.59731674194336,59.708274841308594,56.59731674194336,59.495487213134766,45.5645866394043,4148850
1999-07-06,59.899784088134766,63.0703239440918,59.899784088134766,62.24896240234375,47.67335510253906,3893079
1999-07-07,62.985206604003906,64.006591796875,62.474517822265625,63.172462463378906,48.380615234375,3196681
1999-07-08,63.66613006591797,68.22830200195312,63.66613006591797,67.25373077392578,51.506248474121094,5822488
1999-07-09,67.57291412353516,72.63726806640625,67.57291412353516,72.63726806640625,55.62922668457031,4771935
1999-07-12,74.47575378417969,78.45063018798828,74.47575378417969,78.4421157836914,60.07487487792969,6177513
1999-07-13,79.15708923339844,82.39146423339844,77.50159454345703,78.16549682617188,59.86302185058594,3143095
1999-07-14,77.88035583496094,78.64639282226562,73.709716796875,76.54830932617188,58.62449264526367,3078124
1999-07-15,77.88035583496094,78.561279296875,74.47575378417969,75.28434753417969,57.65648651123047,1741852
1999-07-16,74.47575378417969,77.44627380371094,73.19902801513672,75.87590026855469,58.109519958496094,1156797
1999-07-19,76.56107330322266,76.56107330322266,71.92229461669922,73.34797668457031,56.17351531982422,1751486
1999-07-20,71.9435806274414,78.0378189086914,71.75206756591797,72.86707305908203,55.80521774291992,4038129
1999-07-21,72.85856628417969,76.3482894897461,71.92229461669922,75.52266693115234,57.83900451660156,1347292
1999-07-22,75.9227066040039,77.27603912353516,73.62460327148438,74.02890014648438,56.695011138916016,789283
1999-07-23,74.05017852783203,74.47575378417969,72.00741577148438,72.5223617553711,55.54121780395508,969286
1999-07-26,72.17764282226562,72.60321807861328,69.79441833496094,69.82421112060547,53.474849700927734,787262
1999-07-27,69.36884307861328,72.092529296875,69.02838134765625,69.79867553710938,53.45529556274414,828818
1999-07-28,71.0711441040039,72.3478775024414,70.01997375488281,70.6370620727539,54.09737777709961,584326
1999-07-29,70.94347381591797,73.4543685913086,70.94347381591797,72.2840347290039,55.35870361328125,1284694
1999-07-30,71.92229461669922,73.17774963378906,70.81580352783203,72.38191986083984,55.43366622924805,759993
1999-08-02,71.50523376464844,71.75206756591797,70.90091705322266,71.4328842163086,54.706851959228516,232955
1999-08-03,70.64556884765625,77.11431884765625,70.64556884765625,75.0460205078125,57.473976135253906,1061808
1999-08-04,77.88035583496094,80.00398254394531,73.36925506591797,74.91835021972656,57.37619400024414,2943248
1999-08-05,76.43340301513672,78.6804428100586,73.28414154052734,75.1141128540039,57.526123046875,826680
1999-08-06,74.05017852783203,74.73109436035156,72.85856628417969,73.25009155273438,56.098567962646484,651987
1999-08-09,73.87994384765625,77.62501525878906,73.62460327148438,74.95664978027344,57.405513763427734,904574
1999-08-10,74.15231323242188,75.75247955322266,74.15231323242188,74.99921417236328,57.4381217956543,957068
1999-08-11,71.66695404052734,75.24179077148438,71.66695404052734,73.61183166503906,56.3755989074707,397003
1999-08-12,73.709716796875,74.81621551513672,73.45011138916016,73.63311004638672,56.39189529418945,187616
1999-08-13,74.7736587524414,78.90174102783203,74.7736587524414,78.19103240966797,59.88257598876953,2250516
1999-08-16,79.51457214355469,82.98726654052734,78.73150634765625,81.45519256591797,62.3824462890625,1314995
1999-08-17,81.78714752197266,85.11514282226562,81.02961730957031,83.94055938720703,64.28584289550781,1523583
1999-08-18,87.24302673339844,87.24302673339844,80.94450378417969,82.16165161132812,62.92346954345703,972459
1999-08-19,82.13611602783203,83.412841796875,79.15708923339844,79.60394287109375,60.96464157104492,656592
1999-08-20,80.77427673339844,80.77427673339844,78.05909729003906,79.2209243774414,60.671321868896484,610290
1999-08-23,81.71054077148438,81.71054077148438,79.83800506591797,80.57424926757812,61.707763671875,524665
1999-08-24,80.09335327148438,80.178466796875,78.34849548339844,78.59957885742188,60.19546127319336,590188
1999-08-25,79.07196807861328,80.85939025878906,76.95685577392578,79.29326629638672,60.72671127319336,385571
1999-08-26,80.34870147705078,80.34870147705078,78.56553649902344,78.90174102783203,60.42688751220703,278646
1999-08-27,78.3059310913086,80.00823974609375,75.326904296875,75.96101379394531,58.17470932006836,1059646
1999-08-30,77.02920532226562,78.60383605957031,73.29264831542969,76.00782775878906,58.21057891845703,548962
1999-08-31,77.45478057861328,79.79544830322266,76.60363006591797,76.61640167236328,58.67664337158203,889019
1999-09-01,78.561279296875,82.11909484863281,78.561279296875,81.40837860107422,62.346588134765625,2110188
1999-09-02,81.37007904052734,81.88076782226562,78.90599822998047,79.37838745117188,60.79191970825195,677893
1999-09-03,78.39105224609375,79.83800506591797,78.39105224609375,79.3017807006836,60.733238220214844,307430
1999-09-06,79.15708923339844,80.178466796875,78.7740707397461,78.96131896972656,60.472503662109375,352827
1999-09-07,79.16133880615234,79.4890365600586,76.69725799560547,77.68033599853516,59.491458892822266,643798
1999-09-08,80.26358032226562,82.13611602783203,79.24220275878906,80.09761047363281,61.34272003173828,859130
1999-09-09,80.4338150024414,81.02961730957031,78.73150634765625,78.99536895751953,60.498573303222656,287434
1999-09-10,79.16985321044922,79.5826644897461,78.07186889648438,78.2761459350586,59.947776794433594,516394
1999-09-13,78.2761459350586,78.2761459350586,78.2761459350586,78.2761459350586,59.947776794433594,0
1999-09-14,79.06346130371094,79.5826644897461,76.73555755615234,77.23348236083984,59.14923858642578,662009
1999-09-15,77.79524230957031,79.41242980957031,77.45478057861328,77.70161437988281,59.507747650146484,661597
1999-09-16,78.47616577148438,79.15708923339844,77.45478057861328,77.50585174560547,59.35781478881836,234470
1999-09-17,76.6887435913086,77.79524230957031,76.60363006591797,76.91429901123047,58.90478515625,406637
1999-09-20,78.04207611083984,78.39105224609375,76.6887435913086,77.09729766845703,59.04492950439453,296081
1999-09-21,76.6078872680664,77.71012878417969,74.68853759765625,76.69725799560547,58.738555908203125,832730
1999-09-22,78.22081756591797,79.05494689941406,75.83759307861328,76.88876342773438,58.885231018066406,544309
1999-09-23,77.45052337646484,77.45478057861328,75.75247955322266,76.12273406982422,58.29857635498047,262350
1999-09-24,77.00792694091797,78.73150634765625,75.08007049560547,75.76099395751953,58.02153396606445,477282
1999-09-27,76.60363006591797,78.3059310913086,76.17805480957031,76.40786743164062,58.51692581176758,453021
1999-09-28,75.24179077148438,75.75247955322266,74.07145690917969,75.08858489990234,57.50657653808594,662326
1999-09-29,77.02920532226562,78.3059310913086,75.75247955322266,76.32275390625,58.451751708984375,826656
1999-09-30,77.02920532226562,77.1994400024414,75.8801498413086,76.16954040527344,58.334415435791016,484120
1999-10-01,76.17805480957031,80.51892852783203,75.9227066040039,80.08058166503906,61.32968521118164,2731581
1999-10-04,78.65065002441406,80.77427673339844,75.9227066040039,76.62065124511719,58.67990493774414,1683789
1999-10-05,75.7567367553711,76.77386474609375,72.77345275878906,75.82057189941406,58.06715774536133,1198000
1999-10-06,77.02920532226562,77.70161437988281,75.41627502441406,76.2035903930664,58.36048889160156,750724
1999-10-07,77.44627380371094,78.22081756591797,76.60363006591797,77.00792694091797,58.976505279541016,646524
1999-10-08,77.45478057861328,78.64213562011719,75.5822525024414,75.96952056884766,58.18122863769531,1773479
1999-10-11,75.75247955322266,76.92281341552734,74.73109436035156,75.0162353515625,57.4511604309082,317699
1999-10-12,75.41201782226562,76.26316833496094,73.4671401977539,75.69715881347656,57.97264099121094,1922384
1999-10-13,73.305419921875,76.54405212402344,73.305419921875,74.50128936767578,57.05679702758789,845748
1999-10-14,75.28434753417969,75.75247955322266,71.58184051513672,72.75642395019531,55.72047805786133,598201
1999-10-15,73.19902801513672,73.19902801513672,67.32608032226562,71.10093688964844,54.45262145996094,927684
1999-10-18,73.36925506591797,74.05017852783203,68.77304077148438,69.45821380615234,53.194541931152344,867894
1999-10-19,69.45821380615234,69.45821380615234,69.45821380615234,69.45821380615234,53.194541931152344,0
1999-10-20,71.92229461669922,74.39064025878906,71.92229461669922,72.18190002441406,55.28047561645508,535897
1999-10-21,72.092529296875,73.4543685913086,70.82006072998047,71.22010040283203,54.54389953613281,306690
1999-10-22,71.92229461669922,74.47575378417969,71.92229461669922,72.82026672363281,55.769378662109375,1240578
1999-10-25,72.3478775024414,72.77345275878906,68.09211730957031,69.1943588256836,52.99247741699219,572342
1999-10-26,68.94326782226562,68.94326782226562,67.41119384765625,67.65802764892578,51.815879821777344,785453
1999-10-27,68.858154296875,68.94326782226562,64.68750762939453,65.08329772949219,49.84402847290039,452810
1999-10-28,65.11308288574219,66.38981628417969,64.85774230957031,65.58972930908203,50.23188018798828,150490
1999-10-29,65.19820404052734,65.53866577148438,62.134056091308594,62.59793472290039,47.940608978271484,663559
1999-11-01,61.79359436035156,63.751243591308594,61.28290557861328,62.50856399536133,47.87216567993164,391563
1999-11-02,61.47441482543945,67.50907897949219,61.47441482543945,67.50482177734375,51.698551177978516,661597
1999-11-03,68.09211730957031,68.94326782226562,64.51728057861328,67.07498931884766,51.36935806274414,350172
1999-11-04,68.00700378417969,68.00700378417969,65.96424102783203,66.03658294677734,50.5740852355957,121576
1999-11-05,66.38981628417969,67.40693664550781,61.87871170043945,63.30438995361328,48.48164367675781,453961
1999-11-08,63.30438995361328,63.30438995361328,63.30438995361328,63.30438995361328,48.48164367675781,0
1999-11-09,63.751243591308594,66.36002349853516,62.985206604003906,64.40237426757812,49.32253646850586,460529
1999-11-10,65.11308288574219,66.30469512939453,64.43216705322266,65.63228607177734,50.26446533203125,219173
1999-11-11,65.96424102783203,70.88389587402344,65.96424102783203,70.84133911132812,54.253822326660156,975737
1999-11-12,72.3478775024414,73.36925506591797,67.240966796875,72.03295135498047,55.1663932800293,744450
1999-11-15,71.70951080322266,72.0669937133789,69.45821380615234,69.8837890625,53.52047348022461,201491
1999-11-16,68.26234436035156,71.92229461669922,68.26234436035156,71.46267700195312,54.72966384887695,516476
1999-11-17,71.49671936035156,71.8797378540039,66.38981628417969,67.07073211669922,51.36609649658203,435186
1999-11-18,67.240966796875,68.52620697021484,65.96424102783203,66.1514892578125,50.662086486816406,634293
1999-11-19,67.23245239257812,69.96039581298828,66.73027038574219,67.16436004638672,51.43780517578125,861738
1999-11-22,67.49630737304688,69.36884307861328,66.47492980957031,69.07945251464844,52.90446853637695,392891
1999-11-23,69.07945251464844,69.07945251464844,69.07945251464844,69.07945251464844,52.90446853637695,0
1999-11-24,69.4539566040039,70.56045532226562,68.51769256591797,70.27532196044922,53.8203239440918,690758
1999-11-25,70.90091705322266,72.52661895751953,70.90091705322266,72.20743560791016,55.300045013427734,1062901
1999-11-26,73.02879333496094,74.05017852783203,70.475341796875,72.36489868164062,55.42063903808594,1369979
1999-11-29,74.05017852783203,77.19518280029297,72.77345275878906,74.10975646972656,56.756935119628906,1004674
1999-11-30,74.47575378417969,75.326904296875,71.49671936035156,72.22019958496094,55.309810638427734,760405
1999-12-01,73.62460327148438,73.709716796875,69.80293273925781,72.3478775024414,55.4075927734375,645255
1999-12-02,70.475341796875,73.709716796875,70.475341796875,72.6457748413086,55.6357307434082,598824
1999-12-03,73.78206634521484,74.47575378417969,71.0711441040039,71.38182067871094,54.667747497558594,613592
1999-12-06,70.81580352783203,72.00741577148438,70.66259765625,70.9732666015625,54.3548583984375,180625
1999-12-07,70.82006072998047,71.58184051513672,68.09211730957031,68.8836898803711,52.754547119140625,483145
1999-12-08,70.1944580078125,72.26275634765625,67.240966796875,67.63674926757812,51.799583435058594,524419
1999-12-09,67.49630737304688,69.36884307861328,65.96424102783203,68.44534301757812,52.41884231567383,345543
1999-12-10,69.36884307861328,69.96465301513672,67.41119384765625,68.02828216552734,52.09943389892578,362285
1999-12-13,68.51769256591797,69.3603286743164,68.09211730957031,68.62408447265625,52.555721282958984,494506
1999-12-14,68.09211730957031,68.94326782226562,66.30469512939453,67.26224517822266,51.51276397705078,658484
1999-12-15,68.43683624267578,68.51769256591797,66.81539154052734,68.15595245361328,52.19720458984375,304657
1999-12-16,71.8371810913086,71.8371810913086,68.77304077148438,69.33905029296875,53.103294372558594,529412
1999-12-17,69.62419128417969,74.81621551513672,69.62419128417969,73.22030639648438,56.07575607299805,1321727
1999-12-20,74.64598083496094,74.73109436035156,72.00741577148438,72.95219421386719,55.87041091918945,397038
1999-12-21,72.77345275878906,75.66736602783203,71.49671936035156,74.83323669433594,57.31100845336914,770344
1999-12-22,74.05017852783203,74.90132904052734,71.50949096679688,72.65428924560547,55.64225769042969,232355
1999-12-23,71.49671936035156,72.53086853027344,71.49671936035156,71.91804504394531,55.078407287597656,98619
1999-12-24,71.49246978759766,72.092529296875,69.36884307861328,70.5434341430664,54.02566146850586,112106
1999-12-27,69.36884307861328,69.62419128417969,68.26234436035156,68.66664123535156,52.58832931518555,76590
1999-12-28,68.09211730957031,68.51769256591797,67.49630737304688,67.94741821289062,52.03750228881836,255489
1999-12-29,68.00700378417969,69.79441833496094,68.00700378417969,68.65387725830078,52.57855224609375,50778
1999-12-30,69.80293273925781,70.55619812011719,68.2666015625,69.2369155883789,53.025062561035156,87528
1999-12-31,69.2369155883789,69.2369155883789,69.2369155883789,69.2369155883789,53.025062561035156,0
2000-01-03,72.43299102783203,74.7736587524414,72.43299102783203,73.8331298828125,56.545082092285156,397097
2000-01-04,74.81621551513672,79.15708923339844,74.05017852783203,76.6334228515625,58.68968200683594,833506
2000-01-05,71.0711441040039,82.7659683227539,71.0711441040039,82.76171112060547,63.38301467895508,1797917
2000-01-06,89.3836669921875,89.3836669921875,86.40038299560547,89.23897552490234,68.34363555908203,1523912
2000-01-07,93.28620147705078,95.32896423339844,86.39187622070312,93.19683074951172,71.37474822998047,1631072
2000-01-10,95.66942596435547,95.66942596435547,86.39187622070312,87.06428527832031,66.67815399169922,513234
2000-01-11,86.98767852783203,89.79647827148438,82.56169128417969,84.54061889648438,64.74541473388672,757679
2000-01-12,85.96629333496094,86.56210327148438,81.71054077148438,82.67659759521484,63.31786346435547,129365
2000-01-13,82.13611602783203,89.29429626464844,82.13611602783203,83.05961608886719,63.61117172241211,313951
2000-01-14,83.412841796875,84.09376525878906,78.73150634765625,80.35720825195312,61.54155349731445,178475
2000-01-17,80.85939025878906,82.38294982910156,77.6292724609375,78.69746398925781,60.27043914794922,353568
2000-01-18,79.15708923339844,79.15708923339844,75.84610748291016,77.83354187011719,59.60878372192383,426093
2000-01-19,80.85939025878906,84.00865173339844,78.73150634765625,79.07196807861328,60.55723190307617,724336
2000-01-20,80.85939025878906,83.75330352783203,79.5826644897461,80.23804473876953,61.45027160644531,979531
2000-01-21,80.94450378417969,81.71054077148438,77.1994400024414,77.51861572265625,59.36759567260742,532384
2000-01-24,78.05059051513672,78.3059310913086,74.56086730957031,74.94388580322266,57.395748138427734,307653
2000-01-25,72.77345275878906,74.05017852783203,70.2199935913086,71.07965850830078,54.436336517333984,893930
2000-01-26,71.07965850830078,71.07965850830078,71.07965850830078,71.07965850830078,54.436336517333984,0
2000-01-27,73.62460327148438,74.39064025878906,71.1647720336914,72.67556762695312,55.6585578918457,1014167
2000-01-28,72.51810455322266,73.02879333496094,68.51769256591797,71.48821258544922,54.74922561645508,1760967
2000-01-31,70.64556884765625,70.64556884765625,65.7727279663086,65.7727279663086,50.37202072143555,908475
2000-02-01,64.34705352783203,68.858154296875,61.70848083496094,66.66218566894531,51.05320739746094,1672898
2000-02-02,69.36884307861328,71.9989013671875,69.15605926513672,71.99464416503906,55.13706970214844,2408537
2000-02-03,76.3482894897461,77.75694274902344,74.05017852783203,74.33531188964844,56.92967987060547,1733228
2000-02-04,75.5822525024414,75.5822525024414,70.30510711669922,70.90091705322266,54.299442291259766,906936
2000-02-07,69.87953186035156,73.44586181640625,69.58588409423828,69.96039581298828,53.579132080078125,1027361
2000-02-08,71.0711441040039,71.0711441040039,64.53004455566406,66.16000366210938,50.668609619140625,1780176
2000-02-09,69.36884307861328,69.79441833496094,67.92188262939453,68.96454620361328,52.816471099853516,4088261
2000-02-10,69.79441833496094,73.02879333496094,69.02838134765625,71.03284454345703,54.40047836303711,1639790
2000-02-11,73.19902801513672,76.71853637695312,72.51810455322266,74.00762176513672,56.6787109375,3312571
2000-02-14,74.47575378417969,76.17805480957031,72.43299102783203,73.33521270751953,56.163753509521484,1392995
2000-02-15,73.53097534179688,73.53097534179688,70.65408325195312,71.33500671386719,54.63188934326172,1025927
2000-02-16,71.67121124267578,72.60321807861328,70.64556884765625,71.08817291259766,54.44286346435547,1584394
2000-02-17,71.0711441040039,71.49671936035156,68.94326782226562,70.18595123291016,53.751888275146484,578063
2000-02-18,68.09211730957031,70.30510711669922,67.58993530273438,67.81123352050781,51.93320846557617,1759040
2000-02-21,68.858154296875,69.70930480957031,67.50482177734375,67.95167541503906,52.04076385498047,1068352
2000-02-22,67.19841003417969,67.66654205322266,65.19820404052734,67.2154312133789,51.47690963745117,493836
2000-02-23,67.66654205322266,69.19861602783203,66.34725952148438,66.41534423828125,50.864166259765625,311930
2000-02-24,65.83656311035156,66.81539154052734,64.26618957519531,66.19404602050781,50.69468307495117,373811
2000-02-25,66.81539154052734,66.81539154052734,64.35981750488281,65.0066909790039,49.785362243652344,164095
2000-02-28,63.92147445678711,67.41119384765625,63.92147445678711,67.240966796875,51.49647521972656,312047
2000-02-29,67.32608032226562,67.32608032226562,63.92147445678711,64.4364242553711,49.348602294921875,1043586
2000-03-01,65.53866577148438,65.53866577148438,61.46590042114258,61.87019729614258,47.38327407836914,282675
2000-03-02,62.134056091308594,63.41078186035156,60.60198211669922,61.09139633178711,46.78682327270508,796626
2000-03-03,56.431339263916016,62.985206604003906,56.205787658691406,57.971927642822266,44.39777374267578,639651
2000-03-06,60.00617980957031,60.00617980957031,56.78031539916992,57.086727142333984,43.7198486328125,540843
2000-03-07,58.72945022583008,58.72945022583008,52.520301818847656,52.520301818847656,40.22265625,287434
2000-03-08,50.21793746948242,52.77138900756836,49.33273696899414,51.18399429321289,39.1992301940918,1213978
2000-03-09,50.30305099487305,55.28228759765625,50.2562370300293,55.120567321777344,42.21406936645508,392703
2000-03-10,55.32484436035156,58.27408218383789,53.62254333496094,54.69499206542969,41.888145446777344,681206
2000-03-13,54.899269104003906,55.571678161621094,52.77138900756836,53.80128479003906,41.20368957519531,235246
2000-03-14,54.47369384765625,54.47369384765625,49.507225036621094,52.141536712646484,39.93257522583008,443035
2000-03-15,54.048118591308594,56.316436767578125,52.77138900756836,56.08662414550781,42.95391845703125,196815
2000-03-16,57.427188873291016,60.4317512512207,57.427188873291016,59.614646911621094,45.65585708618164,628395
2000-03-17,59.614646911621094,59.614646911621094,59.614646911621094,59.614646911621094,45.65585708618164,0
2000-03-20,59.614646911621094,59.614646911621094,59.614646911621094,59.614646911621094,45.65585708618164,0
2000-03-21,55.75041961669922,61.60634231567383,55.75041961669922,57.64848709106445,44.15008544921875,689513
2000-03-22,55.49507522583008,59.14225769042969,55.49507522583008,56.86542892456055,43.55037307739258,296656
2000-03-23,59.495487213134766,61.28290557861328,56.68668746948242,59.02735137939453,45.206077575683594,1211065
2000-03-24,61.28290557861328,63.751243591308594,61.28290557861328,63.05329895019531,48.28935241699219,1683014
2000-03-27,64.58537292480469,64.58537292480469,62.985206604003906,63.30864334106445,48.48489761352539,441237
2000-03-28,61.71699142456055,63.6916618347168,61.372276306152344,62.985206604003906,48.23719024658203,552416
2000-03-29,61.70848083496094,62.985206604003906,60.857330322265625,61.20204544067383,46.87156677246094,413275
2000-03-30,59.155025482177734,65.87911987304688,58.72945022583008,62.28300857543945,47.69942092895508,207753
2000-03-31,61.87871170043945,63.742733001708984,60.4317512512207,62.75114059448242,48.05793762207031,174023
2000-04-03,63.83635711669922,63.83635711669922,59.240142822265625,59.76359939575195,45.76993179321289,436338
2000-04-04,56.60157012939453,57.45272445678711,54.98438262939453,55.93341827392578,42.836585998535156,720753
2000-04-05,57.45272445678711,59.155025482177734,56.175994873046875,56.814361572265625,43.51124954223633,183140
2000-04-06,56.85691833496094,60.00617980957031,56.03555679321289,59.16779327392578,45.65562057495117,223826
2000-04-07,60.4317512512207,63.904449462890625,58.98479461669922,63.55122375488281,49.03800964355469,454490
2000-04-10,64.04489135742188,66.47492980957031,62.85753631591797,63.27034378051758,48.82126998901367,558455
2000-04-11,61.368019104003906,68.3346939086914,61.368019104003906,68.22830200195312,52.64697265625,750336
2000-04-12,70.98603057861328,70.98603057861328,65.96424102783203,66.88773345947266,51.612552642822266,417728
2000-04-13,65.53866577148438,66.30469512939453,62.985206604003906,64.93009185791016,50.10197830200195,212688
2000-04-14,64.93009185791016,64.93009185791016,64.93009185791016,64.93009185791016,50.10197830200195,0
2000-04-17,61.71273422241211,64.6023941040039,59.73806381225586,60.12959671020508,46.397769927978516,398413
2000-04-18,63.41078186035156,63.66613006591797,56.85691833496094,58.06129837036133,44.801822662353516,960263
2000-04-19,60.00617980957031,60.4317512512207,57.02714920043945,57.895320892333984,44.673744201660156,364846
2000-04-20,54.47369384765625,59.58060073852539,54.47369384765625,58.38898849487305,45.05467224121094,365363
2000-04-21,58.38898849487305,58.38898849487305,58.38898849487305,58.38898849487305,45.05467224121094,0
2000-04-24,57.1973762512207,59.57634735107422,57.02714920043945,58.11236572265625,44.841224670410156,172636
2000-04-25,56.34622573852539,61.682945251464844,54.72903823852539,59.73806381225586,46.095664978027344,770379
2000-04-26,61.70848083496094,62.2617301940918,59.58060073852539,60.657310485839844,46.80497741699219,373541
2000-04-27,62.729862213134766,62.80646514892578,59.155025482177734,60.0529899597168,46.33865737915039,239076
2000-04-28,59.58060073852539,60.857330322265625,58.899681091308594,60.350894927978516,46.568538665771484,328625
2000-05-01,60.350894927978516,60.350894927978516,60.350894927978516,60.350894927978516,46.568538665771484,0
2000-05-02,60.423240661621094,61.4531364440918,57.96767044067383,60.218963623046875,46.466732025146484,334123
2000-05-03,57.45272445678711,63.83635711669922,57.45272445678711,61.368019104003906,47.3533821105957,226916
2000-05-04,61.62336349487305,63.751243591308594,60.44026565551758,62.334075927734375,48.098819732666016,138529
2000-05-05,62.9766960144043,69.8156967163086,62.31279754638672,68.52620697021484,52.8768424987793,821886
2000-05-08,66.39832305908203,72.26275634765625,65.96424102783203,66.35150909423828,51.198795318603516,534135
2000-05-09,65.87911987304688,65.95572662353516,63.12139129638672,64.78539276123047,49.990325927734375,906936
2000-05-10,65.96424102783203,65.96424102783203,62.65325927734375,63.244808197021484,48.801570892333984,1182280
2000-05-11,61.28290557861328,63.83635711669922,61.28290557861328,62.08298873901367,47.90507125854492,548269
2000-05-12,63.07457733154297,63.83635711669922,62.134056091308594,62.729862213134766,48.40422058105469,798130
2000-05-15,61.71273422241211,63.92147445678711,61.71273422241211,63.72996520996094,49.175933837890625,258062
2000-05-16,62.989463806152344,65.53866577148438,62.985206604003906,63.5682487487793,49.05113983154297,244739
2000-05-17,64.94285583496094,64.94285583496094,62.985206604003906,63.036277770996094,48.640663146972656,146742
2000-05-18,62.3298225402832,63.82784652709961,62.3298225402832,63.12139129638672,48.70634078979492,68659
2000-05-19,63.40652847290039,64.20661163330078,62.985206604003906,63.5682487487793,49.05113983154297,64207
2000-05-22,63.32566833496094,64.26193237304688,60.4317512512207,63.15543746948242,48.73260498046875,576560
2000-05-23,62.64474868774414,62.81497573852539,60.94244384765625,61.929779052734375,47.78684997558594,535674
2000-05-24,61.96382522583008,62.04894256591797,59.755088806152344,60.63177490234375,46.785274505615234,295117
2000-05-25,60.772212982177734,61.28290557861328,58.38898849487305,60.58921432495117,46.7524299621582,469469
2000-05-26,59.68699645996094,61.09565353393555,59.155025482177734,60.653053283691406,46.80169677734375,401338
2000-05-29,60.848819732666016,62.81497573852539,60.018943786621094,61.84040832519531,47.7178955078125,322104
2000-05-30,62.55963134765625,62.729862213134766,61.70848083496094,61.80636215209961,47.691627502441406,162203
2000-05-31,62.134056091308594,64.68750762939453,61.28290557861328,61.55101776123047,47.49458312988281,342066
2000-06-01,60.857330322265625,61.976593017578125,60.606239318847656,61.010536193847656,47.0775260925293,397731
2000-06-02,61.70848083496094,63.41078186035156,61.13395309448242,62.534095764160156,48.25315475463867,862995
2000-06-05,64.09170532226562,66.38981628417969,63.66613006591797,63.742733001708984,49.1857795715332,770015
2000-06-06,63.41078186035156,65.5301513671875,63.41078186035156,64.92583465576172,50.098697662353516,430346
2000-06-07,65.12159729003906,67.62398529052734,65.11308288574219,67.10903930664062,51.78331756591797,442388
2000-06-08,67.240966796875,69.19861602783203,66.60685729980469,67.4026870727539,52.00990676879883,908851
2000-06-09,66.6494140625,71.0711441040039,66.51748657226562,70.04976654052734,54.0524787902832,620958
2000-06-12,70.2199935913086,75.65459442138672,70.2199935913086,73.84590148925781,56.981693267822266,1220946
2000-06-13,72.60321807861328,73.19477081298828,70.30936431884766,70.77749633789062,54.614009857177734,234470
2000-06-14,71.66695404052734,73.44160461425781,70.73068237304688,71.50523376464844,55.17555236816406,374328
2000-06-15,73.19902801513672,73.19902801513672,72.092529296875,72.46703338623047,55.9177131652832,204264
2000-06-16,73.62034606933594,74.79493713378906,72.47554779052734,72.901123046875,56.252662658691406,297655
2000-06-19,73.4543685913086,74.21614837646484,72.3478775024414,72.50534057617188,55.9472770690918,855899
2000-06-20,72.7521743774414,72.7521743774414,71.58184051513672,72.24573516845703,55.7469596862793,984184
2000-06-21,73.19902801513672,76.51851654052734,66.81539154052734,70.34767150878906,54.2823486328125,397391
2000-06-22,70.2199935913086,70.2199935913086,68.26234436035156,68.78154754638672,53.07387924194336,407706
2000-06-23,68.93475341796875,68.93475341796875,66.73027038574219,67.24522399902344,51.888404846191406,685236
2000-06-26,65.54717254638672,68.8326187133789,65.54717254638672,67.23670959472656,51.8818359375,451177
2000-06-27,65.64080047607422,68.6453628540039,65.64080047607422,67.3090591430664,51.93766403198242,273006
2000-06-28,68.00274658203125,69.34330749511719,67.240966796875,67.26224517822266,51.90154266357422,601197
2000-06-29,68.26234436035156,68.858154296875,67.84528350830078,68.11339569091797,52.558319091796875,152111
2000-06-30,67.77293395996094,67.77293395996094,67.240966796875,67.38140869140625,51.99349594116211,163449
2000-07-03,67.240966796875,70.13488006591797,66.9856185913086,67.21968841552734,52.06601333618164,417281
2000-07-04,68.09211730957031,69.27947235107422,67.8367691040039,68.1431884765625,52.78131866455078,467954
2000-07-05,71.0711441040039,71.0711441040039,68.09637451171875,68.24958038330078,52.86371994018555,525076
2000-07-06,67.15585327148438,68.858154296875,66.47492980957031,68.22404479980469,52.84394454956055,332561
2000-07-07,68.31341552734375,68.66239166259766,68.09211730957031,68.2410659790039,52.85712814331055,546365
2000-07-10,68.49215698242188,69.28372955322266,67.9303970336914,68.17723083496094,52.80768585205078,117781
2000-07-11,68.51769256591797,68.6028060913086,67.9303970336914,68.24532318115234,52.86043167114258,320918
2000-07-12,68.43257904052734,69.28372955322266,68.09211730957031,69.08796691894531,53.51310729980469,216436
2000-07-13,69.36884307861328,70.56045532226562,68.858154296875,69.39437866210938,53.750450134277344,371555
2000-07-14,70.19871520996094,70.2199935913086,69.02838134765625,69.56886291503906,53.885597229003906,262503
2000-07-17,69.81995391845703,72.84579467773438,69.19861602783203,71.8797378540039,55.67551803588867,787462
2000-07-18,71.283935546875,73.11390686035156,70.475341796875,72.30106353759766,56.00186538696289,426116
2000-07-19,70.64556884765625,71.60311889648438,69.36884307861328,69.86251068115234,54.113037109375,289783
2000-07-20,69.36884307861328,69.77313995361328,68.09211730957031,68.84113311767578,53.32192611694336,146742
2000-07-21,69.66249084472656,69.66249084472656,68.0240249633789,68.4793930053711,53.04174041748047,802912
2000-07-24,68.51769256591797,68.858154296875,66.81539154052734,67.24522399902344,52.08578872680664,230429
2000-07-25,66.81539154052734,69.56886291503906,66.30469512939453,68.4155502319336,52.99228286743164,366468
2000-07-26,68.858154296875,70.2199935913086,67.8367691040039,68.10063171386719,52.74835205078125,59354
2000-07-27,68.08786010742188,68.33043670654297,67.66654205322266,67.92613983154297,52.61320495605469,197873
2000-07-28,72.51810455322266,72.51810455322266,67.66654205322266,68.03678894042969,52.69890594482422,47805
2000-07-31,67.24522399902344,68.09211730957031,67.24522399902344,68.0112533569336,52.67912673950195,27433
2000-08-01,68.00700378417969,69.11349487304688,67.58993530273438,68.49215698242188,53.05160903930664,146436
2000-08-02,69.70930480957031,72.6883316040039,68.94326782226562,72.13082885742188,55.869991302490234,938281
2000-08-03,72.08401489257812,72.08401489257812,70.2199935913086,70.6668472290039,54.736045837402344,291193
2000-08-04,70.23701477050781,70.96475219726562,69.63269805908203,70.49236297607422,54.60090255737305,197332
2000-08-07,70.475341796875,70.90091705322266,69.2879867553711,69.67951202392578,53.9713134765625,173987
2000-08-08,69.79441833496094,70.2199935913086,69.19861602783203,69.46247100830078,53.803199768066406,214450
2000-08-09,69.36884307861328,70.13488006591797,68.51769256591797,68.57301330566406,53.114234924316406,78376
2000-08-10,68.64962005615234,69.0496597290039,65.96424102783203,67.94741821289062,52.62968826293945,357351
2000-08-11,67.49630737304688,68.77304077148438,66.56004333496094,68.34746551513672,52.93954086303711,312600
2000-08-14,67.58142852783203,68.43257904052734,67.41119384765625,68.39427185058594,52.97578811645508,276566
2000-08-15,68.39427185058594,68.39427185058594,68.39427185058594,68.39427185058594,52.97578811645508,0
2000-08-16,68.94326782226562,68.94326782226562,67.66654205322266,68.2112808227539,52.83405685424805,347282
2000-08-17,66.91326904296875,68.94326782226562,66.91326904296875,68.27511596679688,52.883506774902344,116383
2000-08-18,68.51769256591797,68.6028060913086,68.09211730957031,68.45811462402344,53.02524948120117,582352
2000-08-21,68.43257904052734,68.9262466430664,67.7942123413086,67.90911865234375,52.60002136230469,53797
2000-08-22,67.58142852783203,68.00700378417969,66.91752624511719,67.28352355957031,52.115455627441406,91581
2000-08-23,66.56004333496094,67.91763305664062,66.3940658569336,67.53887176513672,52.31324005126953,26035
2000-08-24,65.75570678710938,67.56015014648438,65.75570678710938,67.47928619384766,52.267086029052734,47758
2000-08-25,67.07073211669922,67.58142852783203,66.81539154052734,67.25798797607422,52.09567642211914,110309
2000-08-28,67.41119384765625,67.5771713256836,66.81964874267578,67.29203033447266,52.122039794921875,73453
2000-08-29,67.240966796875,67.92188262939453,66.94306182861328,67.63249206542969,52.3857536315918,114386
2000-08-30,67.240966796875,68.00700378417969,67.240966796875,67.78144836425781,52.501129150390625,77036
2000-08-31,67.98997497558594,69.61567687988281,67.76441955566406,68.19000244140625,52.81757736206055,791903
2000-09-01,68.19000244140625,68.19000244140625,68.19000244140625,68.19000244140625,52.81757736206055,0
2000-09-04,68.10063171386719,68.94326782226562,67.66654205322266,68.06658172607422,52.721981048583984,861209
2000-09-05,67.9303970336914,69.96465301513672,67.9303970336914,69.06668853759766,53.49662780761719,764482
2000-09-06,69.36884307861328,71.47969818115234,68.39427185058594,69.31352233886719,53.68781661987305,1079525
2000-09-07,70.13488006591797,71.06263732910156,69.36884307861328,70.52215576171875,54.623985290527344,868635
2000-09-08,71.15626525878906,72.76068115234375,70.81580352783203,71.61162567138672,55.46784210205078,1145460
2000-09-11,72.6883316040039,74.39064025878906,68.09211730957031,72.16487884521484,55.8963737487793,896691
2000-09-12,72.26275634765625,73.19902801513672,70.73068237304688,71.96485900878906,55.74144744873047,327638
2000-09-13,73.19902801513672,82.604248046875,73.02879333496094,80.6082992553711,62.43635559082031,1861454
2000-09-14,81.88076782226562,81.96588134765625,74.90132904052734,75.62055206298828,58.573020935058594,1342816
2000-09-15,74.94388580322266,79.99972534179688,74.90132904052734,79.42945098876953,61.52326202392578,1236748
2000-09-18,76.6887435913086,78.3059310913086,75.33541870117188,77.27178192138672,59.852020263671875,702119
2000-09-19,75.93122100830078,76.60363006591797,75.326904296875,76.32275390625,59.11692428588867,522456
2000-09-20,76.17805480957031,76.17805480957031,73.19902801513672,75.37371826171875,58.381832122802734,1524440
2000-09-21,75.66736602783203,76.17805480957031,74.48426055908203,75.61629486083984,58.56973648071289,241061
2000-09-22,73.4543685913086,75.326904296875,69.53907775878906,69.87953186035156,54.12623596191406,770156
2000-09-25,73.62460327148438,73.62460327148438,68.21978759765625,69.51779174804688,53.846031188964844,274510
2000-09-26,70.2199935913086,70.2199935913086,68.26234436035156,68.61982727050781,53.150489807128906,483122
2000-09-27,68.94326782226562,71.82867431640625,68.34746551513672,70.11360168457031,54.30754089355469,254796
2000-09-28,69.36884307861328,71.06263732910156,69.12626647949219,69.32202911376953,53.694400787353516,216154
2000-09-29,70.20722961425781,70.20722961425781,68.34746551513672,69.19010162353516,53.592227935791016,191916
2000-10-02,69.19010162353516,69.19010162353516,69.19010162353516,69.19010162353516,53.592227935791016,0
2000-10-03,70.73068237304688,70.73068237304688,66.38981628417969,69.12626647949219,53.542762756347656,253444
2000-10-04,69.75186157226562,70.64556884765625,69.28372955322266,70.30936431884766,54.45916748046875,127721
2000-10-05,71.66695404052734,71.75206756591797,69.39012145996094,69.62419128417969,53.9284553527832,75485
2000-10-06,69.19861602783203,69.70930480957031,68.09211730957031,68.75601196289062,53.2559928894043,336861
2000-10-09,65.11308288574219,69.53907775878906,65.11308288574219,69.21989440917969,53.61530685424805,347223
2000-10-10,68.30915832519531,70.2199935913086,68.30915832519531,69.37310028076172,53.733970642089844,140210
2000-10-11,70.2199935913086,70.2199935913086,68.09211730957031,68.93901062011719,53.39773941040039,125065
2000-10-12,68.26234436035156,69.0071029663086,67.26224517822266,68.81985473632812,53.30543899536133,471302
2000-10-13,68.09211730957031,68.93475341796875,67.32608032226562,68.30065155029297,52.903289794921875,268025
2000-10-16,68.94326782226562,70.2199935913086,68.09211730957031,68.64110565185547,53.16699981689453,309087
2000-10-17,68.09211730957031,68.18148803710938,67.41119384765625,67.97721099853516,52.65275955200195,441801
2000-10-18,66.98987579345703,69.19861602783203,66.81539154052734,67.13882446289062,52.00337219238281,137648
2000-10-19,67.98572540283203,68.00700378417969,62.985206604003906,63.891685485839844,49.48824691772461,495105
2000-10-20,67.75165557861328,67.75165557861328,60.857330322265625,62.878814697265625,48.7037239074707,308887
2000-10-23,63.751243591308594,63.83635711669922,58.903934478759766,59.52953338623047,46.1094856262207,262785
2000-10-24,58.30387496948242,61.69997024536133,56.68668746948242,61.2658805847168,47.454402923583984,120342
2000-10-25,63.83635711669922,63.83635711669922,61.159488677978516,61.316951751708984,47.493953704833984,552016
2000-10-26,61.4531364440918,63.83635711669922,61.410579681396484,63.3809928894043,49.092681884765625,99923
2000-10-27,61.73401641845703,64.68750762939453,61.368019104003906,63.52143478393555,49.20146942138672,201456
2000-10-30,65.10457611083984,65.10457611083984,59.66997146606445,61.7382698059082,47.82029342651367,232696
2000-10-31,60.52112579345703,61.34674072265625,59.58060073852539,60.83179473876953,47.1181755065918,180837
2000-11-01,61.40632247924805,62.06596374511719,60.17640686035156,60.5253791809082,46.88083267211914,345672
2000-11-02,61.278648376464844,61.278648376464844,59.66571807861328,60.414730072021484,46.795127868652344,247993
2000-11-03,60.465797424316406,61.28290557861328,60.34663772583008,61.04458236694336,47.28299331665039,182670
2000-11-06,62.389400482177734,63.32566833496094,60.09129333496094,61.014793395996094,47.25991439819336,1498558
2000-11-07,60.010433197021484,60.857330322265625,58.72945022583008,59.486976623535156,46.07652282714844,296163
2000-11-08,60.13385009765625,60.4317512512207,59.58060073852539,60.00617980957031,46.478675842285156,447640
2000-11-09,60.09129333496094,60.33386993408203,58.899681091308594,59.286956787109375,45.92159652709961,352369
2000-11-10,57.878299713134766,57.878299713134766,56.34622573852539,56.4824104309082,43.74928665161133,794923
2000-11-13,55.49507522583008,56.59305953979492,55.32484436035156,55.78021240234375,43.20539474487305,262127
2000-11-14,56.175994873046875,56.85691833496094,54.643924713134766,56.02704620361328,43.396583557128906,585136
2000-11-15,57.1973762512207,57.4442138671875,56.77180099487305,57.14630889892578,44.26352310180664,168407
2000-11-16,56.68668746948242,58.49964141845703,56.610084533691406,56.84415054321289,44.029476165771484,199694
2000-11-17,56.431339263916016,57.36760711669922,56.431339263916016,56.75052261352539,43.95695877075195,229254
2000-11-20,56.60157012939453,57.133541107177734,56.34622573852539,56.68668746948242,43.90752029418945,110297
2000-11-21,57.02714920043945,57.02714920043945,54.899269104003906,56.167484283447266,43.505367279052734,389307
2000-11-22,56.60157012939453,57.01012420654297,55.23973083496094,55.41847229003906,42.92519760131836,499029
2000-11-23,55.49507522583008,55.49507522583008,54.643924713134766,54.758827209472656,42.41426467895508,231204
2000-11-24,55.15461349487305,56.252601623535156,54.992897033691406,55.656795501708984,43.10979461669922,325676
2000-11-27,56.175994873046875,57.282493591308594,55.754676818847656,57.00161361694336,44.15144729614258,430945
2000-11-28,57.36760711669922,58.899681091308594,57.1973762512207,57.94639205932617,44.88323974609375,487480
2000-11-29,57.878299713134766,59.6486930847168,57.622955322265625,58.60603332519531,45.39418411254883,706630
2000-11-30,58.81456756591797,59.57634735107422,58.31238555908203,59.257164001464844,45.89850616455078,380496
2000-12-01,58.942237854003906,59.02735137939453,57.49528121948242,57.831485748291016,44.79423904418945,470844
2000-12-04,58.30387496948242,58.55921936035156,57.30802536010742,58.082576751708984,44.98871994018555,549655
2000-12-05,58.04853057861328,62.71283721923828,58.04853057861328,62.19789123535156,48.17629623413086,1171248
2000-12-06,65.96424102783203,65.96424102783203,63.15969467163086,63.8193359375,49.43221664428711,1230615
2000-12-07,64.5598373413086,64.5598373413086,62.64474868774414,63.21927261352539,48.967430114746094,511354
2000-12-08,63.39801788330078,64.85774230957031,62.6660270690918,63.53419876098633,49.21135711669922,636901
2000-12-11,65.11308288574219,66.38981628417969,63.58101272583008,64.01509857177734,49.58384704589844,1040061
2000-12-12,63.0703239440918,64.51728057861328,63.0703239440918,63.593780517578125,49.257503509521484,334723
2000-12-13,63.92147445678711,68.17723083496094,63.844871520996094,66.16000366210938,51.24521255493164,2026196
2000-12-14,67.32608032226562,70.97752380371094,66.2195816040039,69.84123229980469,54.096561431884766,3844450
2000-12-15,68.51769256591797,71.59886169433594,66.38981628417969,68.56876373291016,53.11095428466797,2536129
2000-12-18,67.58142852783203,67.8367691040039,65.71315002441406,66.30469512939453,51.357295989990234,1066496
2000-12-19,65.97274780273438,67.55589294433594,65.96424102783203,66.4579086303711,51.47595977783203,899722
2000-12-20,66.64515686035156,67.92613983154297,65.96424102783203,66.7685775756836,51.71659851074219,821052
2000-12-21,66.057861328125,68.0750961303711,64.36833190917969,66.16426086425781,51.248512268066406,705773
2000-12-22,66.5557861328125,66.5557861328125,64.85774230957031,65.27054595947266,50.5562744140625,366162
2000-12-25,65.27054595947266,65.27054595947266,65.27054595947266,65.27054595947266,50.5562744140625,0
2000-12-26,66.46641540527344,67.31756591796875,62.7341194152832,63.695919036865234,49.33662033081055,293743
2000-12-27,64.67048645019531,64.67048645019531,59.58485794067383,62.823490142822266,48.66086959838867,272818
2000-12-28,62.30428695678711,63.41078186035156,62.15533447265625,62.942649841308594,48.75316619873047,264148
2000-12-29,64.26193237304688,67.240966796875,62.64474868774414,62.84476852416992,48.67736053466797,1093130
2001-01-01,61.03181457519531,63.82784652709961,61.03181457519531,62.993717193603516,48.792724609375,167349
2001-01-02,62.580909729003906,63.66613006591797,62.55963134765625,62.83625411987305,48.67075729370117,419455
2001-01-03,62.729862213134766,64.68325805664062,62.729862213134766,64.0108413696289,49.58054733276367,851470
2001-01-04,64.61941528320312,66.13446807861328,64.09170532226562,64.61941528320312,50.051937103271484,1102776
2001-01-05,65.09606170654297,65.42800903320312,63.844871520996094,64.27896118164062,49.78822708129883,640450
2001-01-08,63.0703239440918,65.5301513671875,63.0703239440918,64.2491683959961,49.76515197753906,501438
2001-01-09,65.44928741455078,65.6918716430664,64.02787017822266,64.9088134765625,50.27608108520508,562802
2001-01-10,68.09211730957031,68.09211730957031,65.11308288574219,66.52174377441406,51.5254020690918,1210289
2001-01-11,66.30469512939453,67.240966796875,65.11308288574219,65.7854995727539,50.95512771606445,801737
2001-01-12,66.80687713623047,67.62398529052734,65.11308288574219,65.75996398925781,50.935359954833984,1149619
2001-01-15,65.53866577148438,66.38981628417969,65.13011169433594,65.50035858154297,50.73426818847656,420724
2001-01-16,66.11744689941406,66.21107482910156,65.11308288574219,65.57270812988281,50.790306091308594,641201
2001-01-17,66.2195816040039,66.2195816040039,64.73006439208984,65.01520538330078,50.35850143432617,318028
2001-01-18,65.11308288574219,70.2199935913086,64.94285583496094,69.45821380615234,53.79988479614258,2302915
2001-01-19,70.64556884765625,70.81580352783203,67.66654205322266,68.02828216552734,52.692317962646484,1817244
2001-01-22,68.51769256591797,69.27947235107422,67.41119384765625,68.0240249633789,52.68901824951172,895175
2001-01-23,67.45375061035156,68.00700378417969,65.30459594726562,65.5982437133789,50.81009292602539,815847
2001-01-24,66.38981628417969,67.240966796875,65.53866577148438,65.81954193115234,50.981502532958984,657756
2001-01-25,66.1259536743164,66.1259536743164,63.24055480957031,63.85763931274414,49.461883544921875,755611
2001-01-26,63.85763931274414,63.85763931274414,63.85763931274414,63.85763931274414,49.461883544921875,0
2001-01-29,62.389400482177734,64.98541259765625,59.66571807861328,63.704429626464844,49.34321594238281,832284
2001-01-30,61.70848083496094,65.11308288574219,61.70848083496094,63.64485168457031,49.29706954956055,636490
2001-01-31,64.43216705322266,66.13446807861328,64.11724090576172,65.32587432861328,50.599117279052734,1030063
2001-02-01,65.96424102783203,66.56004333496094,65.07052612304688,66.01104736328125,51.12983703613281,1028254
2001-02-02,65.3684310913086,67.23245239257812,65.3684310913086,66.16000366210938,51.24521255493164,921974
2001-02-05,67.07073211669922,67.19415283203125,65.19820404052734,66.2451171875,51.31114196777344,1390927
2001-02-06,65.623779296875,66.47492980957031,64.77262878417969,66.04509735107422,51.156211853027344,1180530
2001-02-07,66.38981628417969,66.81539154052734,65.41950225830078,65.7216567993164,50.90568161010742,799728
2001-02-08,65.24076080322266,68.04104614257812,65.24076080322266,67.6069564819336,52.365966796875,2071852
2001-02-09,68.09211730957031,70.81580352783203,67.66654205322266,68.66664123535156,53.186771392822266,5928275
2001-02-12,68.94326782226562,71.9052734375,68.94326782226562,71.56481170654297,55.43159103393555,4351387
2001-02-13,71.66695404052734,73.44160461425781,71.66695404052734,72.92240142822266,56.48313522338867,3912629
2001-02-14,72.7819595336914,72.94367980957031,69.96465301513672,70.70515441894531,54.76573181152344,2321619
2001-02-15,70.64556884765625,71.4456558227539,70.13488006591797,70.91368103027344,54.92724609375,1737704
2001-02-16,70.39022827148438,71.0711441040039,66.38981628417969,67.27500915527344,52.108856201171875,2511773
2001-02-19,68.51769256591797,68.51769256591797,67.12606048583984,68.23255920410156,52.85055160522461,746071
2001-02-20,67.34310150146484,69.27521514892578,67.34310150146484,68.94752502441406,53.404335021972656,1598340
2001-02-21,69.53482055664062,72.51810455322266,69.4539566040039,71.82867431640625,55.63596725463867,4316399
2001-02-22,71.24137878417969,71.24137878417969,68.09211730957031,69.48374938964844,53.81968307495117,1648883
2001-02-23,69.77739715576172,69.7901611328125,68.51769256591797,69.02412414550781,53.463661193847656,1941640
2001-02-26,68.26234436035156,68.52620697021484,67.07073211669922,67.38140869140625,52.191280364990234,593325
2001-02-27,67.50056457519531,68.75601196289062,65.4109878540039,65.88763427734375,51.034244537353516,984149
2001-02-28,60.68709945678711,67.75165557861328,60.68709945678711,64.99392700195312,50.342010498046875,1538551
2001-03-01,64.68750762939453,69.61567687988281,64.68750762939453,68.43257904052734,53.00547790527344,2233844
2001-03-02,68.94326782226562,71.0711441040039,68.09211730957031,69.84123229980469,54.096561431884766,2068985
2001-03-05,68.17723083496094,71.06263732910156,67.28352355957031,68.94752502441406,53.404335021972656,1122491
2001-03-06,68.94752502441406,68.94752502441406,68.94752502441406,68.94752502441406,53.404335021972656,0
2001-03-07,69.11349487304688,70.21573638916016,62.134056091308594,65.4109878540039,50.66505432128906,1136014
2001-03-08,68.09211730957031,68.09211730957031,64.82369232177734,66.87071228027344,51.79570770263672,677059
2001-03-09,65.96424102783203,70.56045532226562,63.92998504638672,65.52589416503906,50.754051208496094,384255
2001-03-12,63.883174896240234,65.96424102783203,63.8789176940918,65.0577621459961,50.39145278930664,351241
2001-03-13,63.844871520996094,65.53866577148438,60.44026565551758,62.71709442138672,48.57845687866211,992267
2001-03-14,62.30428695678711,64.006591796875,62.134056091308594,63.555477142333984,49.22784423828125,663806
2001-03-15,63.0703239440918,66.38981628417969,62.729862213134766,65.7216567993164,50.90568161010742,149526
2001-03-16,65.92167663574219,67.65802764892578,63.92147445678711,64.88752746582031,50.25960159301758,333230
2001-03-19,64.77262878417969,64.93434143066406,63.41929626464844,63.695919036865234,49.33662033081055,263654
2001-03-20,63.83635711669922,63.83635711669922,62.134056091308594,62.534095764160156,48.43670654296875,311096
2001-03-21,62.389400482177734,67.5261001586914,61.47441482543945,63.71719741821289,49.35310363769531,487997
2001-03-22,66.80687713623047,66.80687713623047,62.55963134765625,62.95967483520508,48.76634979248047,171203
2001-03-23,63.751243591308594,64.68750762939453,61.89573287963867,63.41078186035156,49.11576461791992,184855
2001-03-26,64.26193237304688,64.26193237304688,62.985206604003906,63.98530960083008,49.56077194213867,164588
2001-03-27,63.283111572265625,65.87911987304688,63.283111572265625,64.79815673828125,50.190372467041016,341995
2001-03-28,66.47492980957031,67.32608032226562,65.30885314941406,66.84092712402344,51.77264404296875,1022567
2001-03-29,65.53866577148438,66.81539154052734,65.3684310913086,66.51322937011719,51.51881790161133,105551
2001-03-30,65.54291534423828,66.38981628417969,65.28331756591797,65.65782165527344,50.85624313354492,181072
2001-04-02,63.92147445678711,64.6023941040039,62.30428695678711,63.849124908447266,49.45528030395508,208024
2001-04-03,63.751243591308594,67.04519653320312,63.751243591308594,66.58983612060547,51.57814407348633,608916
2001-04-04,64.7768783569336,66.81539154052734,64.7768783569336,66.58557891845703,51.574851989746094,232990
2001-04-05,66.58557891845703,66.58557891845703,66.58557891845703,66.58557891845703,51.574851989746094,0
2001-04-06,67.240966796875,71.58184051513672,66.90050506591797,67.44098663330078,52.23741912841797,655500
2001-04-09,66.56004333496094,67.19841003417969,65.12159729003906,65.96424102783203,51.09359359741211,318309
2001-04-10,65.70889282226562,67.11328887939453,65.28331756591797,66.66218566894531,51.634185791015625,369417
2001-04-11,66.73027038574219,66.77708435058594,63.66613006591797,64.5343017578125,49.98600387573242,321082
2001-04-12,64.12574768066406,66.38555908203125,62.99797439575195,65.20671081542969,50.50682830810547,264559
2001-04-13,65.20671081542969,65.20671081542969,65.20671081542969,65.20671081542969,50.50682830810547,0
2001-04-16,65.87487030029297,66.38981628417969,64.56409454345703,66.2451171875,51.31114196777344,203336
2001-04-17,66.81539154052734,68.72622680664062,65.64505767822266,68.19000244140625,52.81757736206055,214826
2001-04-18,67.51758575439453,68.51769256591797,66.82815551757812,67.72611999511719,52.45827865600586,256499
2001-04-19,68.00700378417969,68.858154296875,65.623779296875,66.43663024902344,51.4594841003418,618526
2001-04-20,66.07063293457031,69.87953186035156,65.623779296875,68.56876373291016,53.11095428466797,1356938
2001-04-23,69.28372955322266,72.3478775024414,69.11349487304688,70.73493957519531,54.7888069152832,1152920
2001-04-24,71.92229461669922,72.22019958496094,70.81580352783203,71.36479187011719,55.27665710449219,585853
2001-04-25,72.43299102783203,73.10540008544922,71.49671936035156,72.10529327392578,55.8502197265625,362121
2001-04-26,72.60321807861328,72.76919555664062,69.03689575195312,70.1944580078125,54.37015914916992,459565
2001-04-27,68.18574523925781,71.24137878417969,65.53866577148438,70.13488006591797,54.32401657104492,761638
2001-04-30,68.94326782226562,70.13488006591797,68.17723083496094,68.93050384521484,53.391143798828125,546706
2001-05-01,68.93050384521484,68.93050384521484,68.93050384521484,68.93050384521484,53.391143798828125,0
2001-05-02,71.41160583496094,71.41160583496094,67.66654205322266,69.36458587646484,53.727386474609375,122669
2001-05-03,69.4539566040039,70.64556884765625,69.36884307861328,69.81143951416016,54.07349395751953,495928
2001-05-04,70.475341796875,70.475341796875,69.36884307861328,69.84548950195312,54.09986114501953,318039
2001-05-07,71.0711441040039,71.66695404052734,70.24127197265625,71.33074951171875,55.25029754638672,147153
2001-05-08,71.46693420410156,75.326904296875,71.46693420410156,74.48001098632812,57.68960189819336,1436430
2001-05-09,74.47575378417969,74.47575378417969,72.94367980957031,73.53948974609375,56.96110534667969,559794
2001-05-10,73.28414154052734,74.00762176513672,73.04581451416016,73.47564697265625,56.91166687011719,1125346
2001-05-11,73.32669830322266,75.32264709472656,73.24158477783203,74.52256774902344,57.722557067871094,847757
2001-05-14,74.43319702148438,74.81621551513672,73.74801635742188,74.02464294433594,57.33689498901367,342500
2001-05-15,73.72673797607422,75.326904296875,73.28414154052734,74.09273529052734,57.3896369934082,544885
2001-05-16,74.05868530273438,77.36966705322266,74.05017852783203,77.11006927490234,59.726749420166016,1953859
2001-05-17,77.79524230957031,78.22081756591797,76.00782775878906,76.48021697998047,59.23888397216797,920165
2001-05-18,76.51851654052734,77.1994400024414,76.00782775878906,76.80790710449219,59.492713928222656,1429933
2001-05-21,76.7313003540039,77.79524230957031,75.326904296875,77.4164810180664,59.96409606933594,655335
2001-05-22,77.1994400024414,78.63788604736328,77.1994400024414,78.31444549560547,60.65960693359375,1230415
2001-05-23,78.73150634765625,80.00823974609375,77.02920532226562,77.93568420410156,60.366241455078125,1171824
2001-05-24,78.13570404052734,78.13570404052734,76.43340301513672,76.86748504638672,59.53885269165039,707136
2001-05-25,76.17805480957031,76.93132019042969,74.99495697021484,75.60353088378906,58.559844970703125,728037
2001-05-28,75.9227066040039,76.51851654052734,74.90132904052734,75.74822235107422,58.671913146972656,171438
2001-05-29,76.09294128417969,76.09294128417969,74.38212585449219,74.62470245361328,57.801673889160156,174516
2001-05-30,73.02879333496094,74.90132904052734,72.77345275878906,73.57353210449219,56.987464904785156,146331
2001-05-31,74.73109436035156,74.73109436035156,73.36925506591797,73.8288803100586,57.18526077270508,207683
2001-06-01,73.21604919433594,73.96080780029297,73.21604919433594,73.70545959472656,57.08966064453125,267531
2001-06-04,73.83738708496094,74.46723937988281,73.28839874267578,73.709716796875,57.09296417236328,139093
2001-06-05,73.9650650024414,73.9650650024414,71.92229461669922,72.46277618408203,56.12711715698242,195452
2001-06-06,71.41160583496094,72.6883316040039,71.41160583496094,71.82015991210938,55.629371643066406,180449
2001-06-07,71.67546081542969,72.3478775024414,71.60311889648438,71.84143829345703,55.64585876464844,130200
2001-06-08,71.85845947265625,72.60321807861328,71.41160583496094,72.10955047607422,55.85353088378906,282323
2001-06-11,71.51799774169922,75.05027770996094,71.49671936035156,74.47149658203125,57.68301010131836,488044
2001-06-12,74.73109436035156,74.73109436035156,68.51769256591797,70.19871520996094,54.37345886230469,623261
2001-06-13,70.93070983886719,73.78206634521484,70.56471252441406,72.23722076416016,55.9524040222168,604134
2001-06-14,72.1606216430664,73.62460327148438,71.75206756591797,72.76919555664062,56.36445999145508,408716
2001-06-15,72.092529296875,72.17764282226562,70.64556884765625,71.50949096679688,55.38874435424805,514843
2001-06-18,71.41160583496094,72.36489868164062,69.79441833496094,70.69664001464844,54.75912857055664,239052
2001-06-19,70.24127197265625,71.49671936035156,70.2199935913086,70.53917694091797,54.637168884277344,233883
2001-06-20,71.22010040283203,71.22010040283203,70.2199935913086,70.55619812011719,54.65034484863281,178981
2001-06-21,70.2199935913086,70.64556884765625,69.02838134765625,70.24127197265625,54.40643310546875,106491
2001-06-22,70.04976654052734,70.43278503417969,69.62419128417969,69.73058319091797,54.010860443115234,150971
2001-06-25,69.36884307861328,69.79441833496094,69.02838134765625,69.30500793457031,53.68122100830078,139939
2001-06-26,69.79441833496094,69.79441833496094,68.17723083496094,69.21138000488281,53.608707427978516,141608
2001-06-27,68.6028060913086,69.36884307861328,66.82815551757812,67.93891143798828,52.62308883666992,610972
2001-06-28,68.51343536376953,68.51343536376953,67.28352355957031,68.12191009521484,52.76484298706055,104728
2001-06-29,68.51343536376953,73.11390686035156,67.66654205322266,70.66259765625,54.732765197753906,136274
2001-07-02,69.79441833496094,70.64556884765625,69.02838134765625,69.292236328125,54.458499908447266,85648
2001-07-03,68.17723083496094,68.94326782226562,66.91752624511719,67.31331634521484,52.90321350097656,604228
2001-07-04,68.09211730957031,68.09211730957031,63.41078186035156,63.87040328979492,50.19734573364258,664241
2001-07-05,64.26193237304688,65.87911987304688,64.26193237304688,65.45780181884766,51.44492721557617,237772
2001-07-06,63.8533821105957,66.37278747558594,63.83635711669922,64.85774230957031,50.97330856323242,68178
2001-07-09,65.53866577148438,65.96424102783203,64.11724090576172,65.44928741455078,51.43822479248047,156082
2001-07-10,64.68750762939453,65.53866577148438,64.68750762939453,65.3684310913086,51.37467575073242,61117
2001-07-11,65.10457611083984,65.11308288574219,63.83635711669922,64.25342559814453,50.49837112426758,131233
2001-07-12,65.45354461669922,68.09211730957031,63.500152587890625,64.29598236083984,50.53181838989258,372389
2001-07-13,65.45354461669922,66.81539154052734,63.58101272583008,64.13851928710938,50.408050537109375,347423
2001-07-16,63.15543746948242,65.10883331298828,63.15543746948242,64.70878601074219,50.85624313354492,376313
2001-07-17,64.6023941040039,65.09180450439453,63.934242248535156,64.71304321289062,50.859588623046875,457333
2001-07-18,65.1258544921875,65.79400634765625,64.85774230957031,65.48759460449219,51.46833038330078,35951
2001-07-19,67.15159606933594,67.15585327148438,64.29598236083984,66.2195816040039,52.04363250732422,449661
2001-07-20,64.97689819335938,66.30044555664062,64.97689819335938,65.87911987304688,51.77603530883789,110967
2001-07-23,65.11308288574219,66.36002349853516,65.11308288574219,66.34725952148438,52.14397048950195,728
2001-07-24,65.11308288574219,65.96424102783203,65.11308288574219,65.56845092773438,51.531883239746094,1371342
2001-07-25,65.623779296875,67.240966796875,65.623779296875,66.41109466552734,52.19414138793945,47970
2001-07-26,66.37704467773438,66.38130187988281,63.1639518737793,65.15989685058594,51.21079635620117,969592
2001-07-27,66.38981628417969,67.15585327148438,63.0703239440918,63.883174896240234,50.207374572753906,411571
2001-07-30,63.83635711669922,64.42790985107422,61.4531364440918,63.30864334106445,49.75584030151367,552898
2001-07-31,62.15959167480469,64.1555404663086,62.15959167480469,63.546966552734375,49.94314193725586,84932
2001-08-01,62.64474868774414,64.5045166015625,62.21916961669922,63.07457733154297,49.57188034057617,181624
2001-08-02,60.4317512512207,62.985206604003906,60.26152420043945,60.59772872924805,47.625267028808594,777499
2001-08-03,60.60198211669922,61.16374588012695,59.58060073852539,60.159385681152344,47.28076934814453,1237053
2001-08-06,60.01469039916992,62.49579620361328,60.01469039916992,60.870094299316406,47.83932876586914,346225
2001-08-07,61.96382522583008,62.49579620361328,60.857330322265625,61.270137786865234,48.15372848510742,139469
2001-08-08,61.44887924194336,61.44887924194336,59.92106246948242,60.061500549316406,47.20383834838867,570908
2001-08-09,60.26152420043945,60.4317512512207,59.79338836669922,60.31684875488281,47.404510498046875,635738
2001-08-10,59.66571807861328,60.857330322265625,58.55921936035156,60.84030532836914,47.8159065246582,444397
2001-08-13,59.88275909423828,60.43600845336914,59.88275909423828,60.423240661621094,47.488136291503906,192856
2001-08-14,60.09129333496094,60.52963638305664,60.0870361328125,60.112571716308594,47.24396896362305,399729
2001-08-15,60.112571716308594,60.112571716308594,60.112571716308594,60.112571716308594,47.24396896362305,0
2001-08-16,60.00617980957031,60.26152420043945,58.73796081542969,59.052886962890625,46.4111328125,608881
2001-08-17,63.742733001708984,63.742733001708984,58.72945022583008,59.755088806152344,46.963016510009766,177113
2001-08-20,60.68709945678711,60.68709945678711,59.58060073852539,60.09980392456055,47.233943939208984,194148
2001-08-21,60.41898727416992,60.4317512512207,59.750831604003906,60.34663772583008,47.42792510986328,544638
2001-08-22,60.34663772583008,60.34663772583008,60.34663772583008,60.34663772583008,47.42792510986328,0
2001-08-23,59.589111328125,60.857330322265625,59.589111328125,60.52963638305664,47.571754455566406,493907
2001-08-24,60.4317512512207,60.60198211669922,60.265777587890625,60.470054626464844,47.524925231933594,110309
2001-08-27,59.62741470336914,60.90839767456055,59.58060073852539,59.78062057495117,46.98307418823242,422275
2001-08-28,59.66571807861328,60.23598861694336,59.58060073852539,59.81467056274414,47.00985336303711,356834
2001-08-29,59.83594512939453,59.83594512939453,57.878299713134766,58.32515335083008,45.839195251464844,1055452
2001-08-30,58.32515335083008,59.5550651550293,55.32484436035156,56.78882598876953,44.63175582885742,2892834
2001-08-31,56.60157012939453,58.2187614440918,56.03129959106445,56.89947509765625,44.718711853027344,1261220
2001-09-03,56.85691833496094,58.72945022583008,56.175994873046875,57.92085647583008,45.521446228027344,364329
2001-09-04,57.96341323852539,58.04853057861328,56.86542892456055,56.95905685424805,44.76553726196289,539034
2001-09-05,61.19778823852539,61.19778823852539,57.11651611328125,58.21024703979492,45.748878479003906,880325
2001-09-06,58.72093963623047,58.72093963623047,57.282493591308594,57.36760711669922,45.086639404296875,334464
2001-09-07,59.41037368774414,59.41037368774414,54.64817810058594,55.28228759765625,43.447731018066406,716711
2001-09-10,56.175994873046875,56.175994873046875,54.95033645629883,55.5801887512207,43.68185806274414,235199
2001-09-11,55.43549346923828,58.30387496948242,55.43549346923828,57.43144226074219,45.136810302734375,140550
2001-09-12,55.23973083496094,57.1973762512207,53.72042465209961,56.11641311645508,44.10328674316406,682616
2001-09-13,53.282081604003906,56.431339263916016,53.282081604003906,56.21855545043945,44.18355941772461,131844
2001-09-14,54.47369384765625,55.75041961669922,52.26070022583008,52.96715545654297,41.62820816040039,975913
2001-09-17,51.15420150756836,54.81415557861328,50.68606948852539,51.013763427734375,40.09298324584961,902107
2001-09-18,50.64351272583008,55.2354736328125,48.94120788574219,51.022274017333984,40.099674224853516,921492
2001-09-19,50.64351272583008,50.813743591308594,48.77097702026367,50.498817443847656,39.68827438354492,466567
2001-09-20,50.47328186035156,51.49466323852539,45.79194641113281,46.90695571899414,36.8653450012207,817833
2001-09-21,47.66448211669922,47.66448211669922,43.83430099487305,45.259979248046875,35.57094955444336,519883
2001-09-24,43.83430099487305,45.5323486328125,42.81291961669922,43.63002395629883,34.289920806884766,332995
2001-09-25,45.79194641113281,45.79194641113281,42.30222702026367,42.493736267089844,33.39688491821289,516794
2001-09-26,44.251365661621094,45.53660202026367,41.96176528930664,42.949100494384766,33.75476837158203,558948
2001-09-27,42.72780227661133,43.57895278930664,42.56182861328125,43.23423767089844,33.9788703918457,658989
2001-09-28,43.18742370605469,43.83430099487305,43.02996063232422,43.36616516113281,34.08255386352539,873240
2001-10-01,43.3831901550293,44.251365661621094,43.3831901550293,43.80876541137695,34.430397033691406,207389
2001-10-02,43.80876541137695,43.80876541137695,43.80876541137695,43.80876541137695,34.430397033691406,0
2001-10-03,43.83430099487305,44.60033416748047,42.98314666748047,44.00453186035156,34.58425521850586,91135
2001-10-04,43.749183654785156,44.60033416748047,43.67258071899414,44.41733932495117,34.908695220947266,204910
2001-10-05,43.33637619018555,44.82163619995117,42.65119934082031,44.40882873535156,34.902015686035156,227397
2001-10-08,42.98314666748047,44.47266387939453,42.72780227661133,44.161991119384766,34.708003997802734,186241
2001-10-09,44.24285125732422,45.408931732177734,44.08964538574219,45.323814392089844,35.621116638183594,77917
2001-10-10,45.362117767333984,45.8770637512207,44.95356369018555,45.23444366455078,35.55088424682617,453644
2001-10-11,44.34498977661133,45.79194641113281,44.34498977661133,44.817378997802734,35.22309875488281,694905
2001-10-12,45.111026763916016,45.111026763916016,43.43000411987305,43.74067306518555,34.37687683105469,543863
2001-10-15,44.60033416748047,44.60033416748047,43.40872573852539,43.6938591003418,34.3400993347168,355483
2001-10-16,43.91941452026367,44.9407958984375,43.417236328125,44.4769172668457,34.95551681518555,677787
2001-10-17,43.53639602661133,45.95366668701172,43.53639602661133,45.23870086669922,35.55422592163086,241320
2001-10-18,45.53660202026367,47.66448211669922,45.45148849487305,46.80056381225586,36.781734466552734,461762
2001-10-19,46.272850036621094,46.472869873046875,45.53660202026367,46.03452682495117,36.1796875,239675
2001-10-22,46.387752532958984,46.813331604003906,46.004737854003906,46.70267868041992,36.704795837402344,403371
2001-10-23,46.387752532958984,47.06867599487305,45.96217727661133,46.29412841796875,36.38370132446289,212852
2001-10-24,46.80907440185547,48.00494384765625,46.387752532958984,47.55808639526367,37.3770866394043,249356
2001-10-25,44.47266387939453,48.26028823852539,44.34498977661133,47.44743728637695,37.29011535644531,399975
2001-10-26,47.44743728637695,47.44743728637695,47.44743728637695,47.44743728637695,37.29011535644531,0
2001-10-29,47.749595642089844,48.51563262939453,46.813331604003906,47.57936477661133,37.39381408691406,232438
2001-10-30,47.66022491455078,47.66022491455078,45.96217727661133,46.11112976074219,36.239891052246094,779696
2001-10-31,46.728214263916016,48.511375427246094,45.96217727661133,47.575111389160156,37.39046859741211,163578
2001-11-01,47.66448211669922,49.051856994628906,47.621925354003906,48.494354248046875,38.1129264831543,149491
2001-11-02,48.94120788574219,50.047706604003906,48.898651123046875,49.17527389526367,38.64806365966797,146354
2001-11-05,49.02632522583008,50.21793746948242,49.02632522583008,49.46892166137695,38.87885665893555,478152
2001-11-06,47.23890686035156,50.64351272583008,47.23890686035156,50.14558792114258,39.410667419433594,62010
2001-11-07,49.451900482177734,50.64351272583008,49.451900482177734,50.18389129638672,39.44077682495117,237725
2001-11-08,50.047706604003906,54.47369384765625,49.89875411987305,53.128875732421875,41.755313873291016,967865
2001-11-09,55.23973083496094,55.23973083496094,53.20122146606445,54.107696533203125,42.52458953857422,275567
2001-11-12,54.47369384765625,54.47369384765625,53.62254333496094,53.997047424316406,42.4376220703125,110003
2001-11-13,53.196964263916016,54.809898376464844,53.196964263916016,54.54603958129883,42.86909866333008,61939
2001-11-14,54.47369384765625,56.94203186035156,54.47369384765625,55.665306091308594,43.748748779296875,26869
2001-11-15,56.175994873046875,59.750831604003906,55.32484436035156,59.06565475463867,46.42116928100586,557656
2001-11-16,59.06565475463867,59.06565475463867,59.06565475463867,59.06565475463867,46.42116928100586,0
2001-11-19,59.091190338134766,59.92106246948242,55.32484436035156,57.635719299316406,45.29734802246094,265322
2001-11-20,57.87404251098633,57.87404251098633,52.45220947265625,53.72042465209961,42.22022247314453,464887
2001-11-21,54.89501190185547,55.53763198852539,54.89501190185547,54.963104248046875,43.19687271118164,99700
2001-11-22,55.32484436035156,55.55465316772461,54.652435302734375,54.8907585144043,43.1400260925293,372554
2001-11-23,53.70765686035156,57.02714920043945,53.70765686035156,55.65253829956055,43.73871612548828,579062
2001-11-26,56.516456604003906,58.044273376464844,53.62254333496094,57.014381408691406,44.80902099609375,228032
2001-11-27,56.431339263916016,57.878299713134766,56.3887825012207,57.371864318847656,45.08997344970703,120977
2001-11-28,56.39729690551758,59.58060073852539,56.39729690551758,58.78477478027344,46.20042419433594,149914
2001-11-29,59.155025482177734,60.00617980957031,57.45272445678711,59.36355972290039,46.65530014038086,237125
2001-11-30,59.36355972290039,59.36355972290039,59.36355972290039,59.36355972290039,46.65530014038086,0
2001-12-03,58.72945022583008,58.81456756591797,57.878299713134766,58.0315055847168,45.60840606689453,374727
2001-12-04,57.878299713134766,58.98479461669922,57.50379180908203,58.30387496948242,45.822471618652344,364271
2001-12-05,57.70806884765625,59.87850570678711,57.474002838134766,59.63167190551758,46.86600875854492,322539
2001-12-06,59.750831604003906,60.253013610839844,59.26142120361328,60.0529899597168,47.1971435546875,619008
2001-12-07,60.17215347290039,61.28290557861328,59.6231575012207,60.27003479003906,47.367713928222656,1160639
2001-12-10,61.19778823852539,63.40227127075195,61.159488677978516,62.97243881225586,49.49160385131836,606707
2001-12-11,62.985206604003906,63.66613006591797,60.4317512512207,60.916908264160156,47.87611770629883,356728
2001-12-12,61.28716278076172,62.29151916503906,60.73816680908203,61.0828857421875,48.006561279296875,82382
2001-12-13,59.66997146606445,61.278648376464844,58.30387496948242,60.095550537109375,47.230587005615234,689195
2001-12-14,60.857330322265625,61.87871170043945,59.06991195678711,59.295467376708984,46.6017951965332,182223
2001-12-17,59.295467376708984,59.295467376708984,59.295467376708984,59.295467376708984,46.6017951965332,0
2001-12-18,58.81456756591797,58.81456756591797,57.71232223510742,57.784671783447266,45.41441345214844,57451
2001-12-19,57.02714920043945,57.36760711669922,53.79277038574219,54.43539047241211,42.782135009765625,618056
2001-12-20,54.47369384765625,54.47369384765625,52.3458137512207,52.70755386352539,41.424171447753906,236021
2001-12-21,52.3458137512207,55.23121643066406,52.3458137512207,54.52476119995117,42.85236740112305,195170
2001-12-24,55.15461349487305,55.73765182495117,52.95438766479492,54.72903823852539,43.012916564941406,120154
2001-12-25,54.72903823852539,54.72903823852539,54.72903823852539,54.72903823852539,43.012916564941406,0
2001-12-26,55.665306091308594,55.665306091308594,54.48220443725586,54.91203689575195,43.15673828125,45432
2001-12-27,54.643924713134766,55.150360107421875,51.92023849487305,53.01822280883789,41.6683464050293,869727
2001-12-28,53.45231246948242,53.9630012512207,52.77138900756836,53.40549850463867,41.972721099853516,85131
2001-12-31,55.15461349487305,55.23973083496094,52.85650634765625,54.3672981262207,42.72861099243164,83263
2002-01-01,54.47369384765625,54.47369384765625,53.196964263916016,53.328895568847656,41.912506103515625,57016
2002-01-02,53.6182861328125,54.899269104003906,53.6182861328125,54.499229431152344,42.83230209350586,75403
2002-01-03,56.005767822265625,57.35483932495117,54.558807373046875,56.410064697265625,44.334075927734375,98689
2002-01-04,56.35048294067383,56.93777847290039,55.83979034423828,56.27387619018555,44.22704315185547,101744
2002-01-07,57.537837982177734,59.32525634765625,55.75041961669922,58.997562408447266,46.36765670776367,147000
2002-01-08,58.72945022583008,59.750831604003906,58.31238555908203,59.589111328125,46.83257293701172,551499
2002-01-09,58.41878128051758,59.750831604003906,58.401756286621094,59.644439697265625,46.87605667114258,544615
2002-01-10,59.51676559448242,60.857330322265625,59.51676559448242,60.516868591308594,47.56171798706055,859905
2002-01-11,60.516868591308594,61.28290557861328,60.2402458190918,60.75093460083008,47.745670318603516,303189
2002-01-14,60.4317512512207,62.61921310424805,60.4317512512207,60.90839767456055,47.86942672729492,469634
2002-01-15,60.857330322265625,61.70848083496094,60.5253791809082,61.167999267578125,48.07345199584961,941618
2002-01-16,60.614749908447266,61.274391174316406,60.5253791809082,60.79349136352539,47.77912521362305,567901
2002-01-17,60.4317512512207,60.68709945678711,60.0274543762207,60.453033447265625,47.51154327392578,732043
2002-01-18,60.42749786376953,60.857330322265625,58.81882095336914,60.47431182861328,47.52827072143555,65276
2002-01-21,59.240142822265625,60.857330322265625,59.240142822265625,60.048736572265625,47.19379806518555,210291
2002-01-22,59.58060073852539,60.41898727416992,59.41037368774414,59.51676559448242,46.77571105957031,30370
2002-01-23,58.98479461669922,59.92106246948242,58.55921936035156,58.780521392822266,46.19707107543945,193009
2002-01-24,62.985206604003906,62.985206604003906,59.750831604003906,60.470054626464844,47.524925231933594,363730
2002-01-25,60.13385009765625,61.368019104003906,60.13385009765625,61.22758102416992,48.12028884887695,159924
2002-01-28,61.112674713134766,61.28290557861328,60.4317512512207,60.444522857666016,47.50485610961914,18786
2002-01-29,60.52112579345703,60.52112579345703,59.58060073852539,59.652950286865234,46.88274002075195,39017
2002-01-30,60.4317512512207,60.4317512512207,58.30387496948242,58.895423889160156,46.28738021850586,126851
2002-01-31,60.516868591308594,61.69997024536133,60.112571716308594,61.261627197265625,48.14703369140625,675379
2002-02-01,61.28290557861328,62.134056091308594,61.15523147583008,61.780826568603516,48.55508804321289,832695
2002-02-04,62.134056091308594,62.134056091308594,61.13395309448242,61.31269454956055,48.18717956542969,217270
2002-02-05,61.28290557861328,61.70848083496094,60.6445426940918,61.253116607666016,48.14034652709961,108018
2002-02-06,63.41078186035156,64.68750762939453,60.87860870361328,62.27449417114258,48.94307327270508,603417
2002-02-07,63.83635711669922,63.83635711669922,60.94244384765625,62.12980270385742,48.82936477661133,295305
2002-02-08,62.474517822265625,63.751243591308594,61.368019104003906,61.87871170043945,48.63201904296875,335886
2002-02-11,62.176612854003906,62.46600341796875,61.71699142456055,61.95531463623047,48.692230224609375,34976
2002-02-12,62.134056091308594,62.55963134765625,61.70848083496094,62.11277770996094,48.815982818603516,171320
2002-02-13,61.70848083496094,63.742733001708984,61.325462341308594,63.00648880004883,49.518367767333984,148528
2002-02-14,63.40652847290039,64.26193237304688,63.32566833496094,64.0108413696289,50.30770492553711,904774
2002-02-15,63.83635711669922,64.26193237304688,63.83635711669922,63.844871520996094,50.17727279663086,189731
2002-02-18,63.00223159790039,65.53866577148438,62.15107727050781,65.06627655029297,51.137203216552734,138823
2002-02-19,63.51717758178711,64.26193237304688,63.51717758178711,63.81082534790039,50.150516510009766,191728
2002-02-20,63.4150390625,65.02796936035156,63.4150390625,64.67474365234375,50.82948684692383,601843
2002-02-21,63.41078186035156,65.95146942138672,63.41078186035156,65.53440856933594,51.505123138427734,274815
2002-02-22,65.3684310913086,67.97721099853516,65.3684310913086,67.04094696044922,52.68914794921875,1390281
2002-02-25,66.04935455322266,66.9856185913086,65.96424102783203,66.6749496459961,52.40150833129883,172190
2002-02-26,66.38981628417969,73.34371948242188,66.16000366210938,70.37319946289062,55.30805587768555,2059269
2002-02-27,66.81539154052734,70.73068237304688,66.47492980957031,67.27500915527344,52.87310791015625,173400
2002-02-28,68.00700378417969,68.00700378417969,64.79815673828125,66.38555908203125,52.17406463623047,366339
2002-03-01,65.53866577148438,65.87911987304688,63.83635711669922,65.10883331298828,51.17066192626953,614191
2002-03-04,67.57291412353516,68.94326782226562,63.83635711669922,64.2491683959961,50.495018005371094,327568
2002-03-05,63.96403121948242,65.01946258544922,63.41078186035156,63.58101272583008,49.96990203857422,160441
2002-03-06,63.62356948852539,64.09170532226562,61.72550582885742,63.35120391845703,49.78929138183594,509110
2002-03-07,62.21916961669922,66.9856185913086,62.21916961669922,66.36853790283203,52.160682678222656,326428
2002-03-08,67.15585327148438,67.15585327148438,63.32566833496094,63.8789176940918,50.20402908325195,763436
2002-03-11,63.83635711669922,64.67048645019531,63.500152587890625,63.695919036865234,50.060218811035156,144157
2002-03-12,62.134056091308594,63.92147445678711,62.134056091308594,63.8193359375,50.157203674316406,117816
2002-03-13,63.58101272583008,65.87911987304688,63.538455963134766,64.57685852050781,50.752559661865234,414732
2002-03-14,64.77262878417969,64.92583465576172,64.1555404663086,64.75559997558594,50.893043518066406,33613
2002-03-15,64.81944274902344,64.90029907226562,64.02361297607422,64.59813690185547,50.769283294677734,112306
2002-03-18,63.86614990234375,66.81539154052734,60.4317512512207,66.1259536743164,51.97003173828125,300616
2002-03-19,65.15564727783203,67.23245239257812,65.15564727783203,66.6494140625,52.381439208984375,162485
2002-03-20,66.9856185913086,68.00700378417969,66.38555908203125,67.31331634521484,52.90321350097656,321305
2002-03-21,67.66654205322266,67.66654205322266,65.22373962402344,66.02381896972656,51.889774322509766,191892
2002-03-22,66.81539154052734,66.81539154052734,65.53866577148438,66.1514892578125,51.99010467529297,174328
2002-03-25,66.1514892578125,66.1514892578125,66.1514892578125,66.1514892578125,51.99010467529297,0
2002-03-26,66.29193115234375,66.29193115234375,63.172462463378906,63.67038345336914,50.04014587402344,73371
2002-03-27,63.49589920043945,64.93434143066406,63.45334243774414,64.15979766845703,50.42478561401367,73899
2002-03-28,63.41078186035156,66.37704467773438,63.41078186035156,65.7174072265625,51.64895248413086,189625
2002-03-29,65.7174072265625,65.7174072265625,65.7174072265625,65.7174072265625,51.64895248413086,0
2002-04-01,66.81539154052734,66.81539154052734,64.68750762939453,64.98966979980469,51.076995849609375,98725
2002-04-02,65.95572662353516,65.95572662353516,63.840614318847656,64.22789001464844,50.478294372558594,206978
2002-04-03,64.59813690185547,64.59813690185547,60.4317512512207,62.342586517333984,48.996585845947266,525135
2002-04-04,62.134056091308594,63.73847579956055,62.134056091308594,62.46175003051758,49.09024429321289,345778
2002-04-05,63.35971450805664,63.41078186035156,62.14682388305664,62.79795455932617,49.354469299316406,128672
2002-04-08,63.32566833496094,63.32566833496094,62.55963134765625,62.589420318603516,49.190582275390625,233495
2002-04-09,62.985206604003906,62.985206604003906,62.134056091308594,62.172359466552734,48.8628044128418,90806
2002-04-10,62.13831329345703,62.980953216552734,62.13831329345703,62.45323944091797,49.083560943603516,30311
2002-04-11,62.30428695678711,62.55963134765625,61.721248626708984,62.172359466552734,48.8628044128418,977722
2002-04-12,63.742733001708984,63.742733001708984,61.88722229003906,63.10862350463867,49.59864044189453,698571
2002-04-15,62.21916961669922,63.82784652709961,62.21916961669922,62.87030029296875,49.411346435546875,45926
2002-04-16,63.189483642578125,63.189483642578125,61.19778823852539,61.46590042114258,48.30758285522461,69729
2002-04-17,61.45738983154297,62.474517822265625,61.45738983154297,61.84040832519531,48.60191345214844,62527
2002-04-18,61.372276306152344,63.32566833496094,61.372276306152344,62.985206604003906,49.50164794921875,399717
2002-04-19,63.40227127075195,64.17681884765625,59.801902770996094,60.54665756225586,47.58513259887695,441719
2002-04-22,61.027557373046875,61.18927764892578,60.00617980957031,60.670074462890625,47.68212127685547,317099
2002-04-23,60.43600845336914,61.55527114868164,60.4317512512207,61.372276306152344,48.23400115966797,22639
2002-04-24,61.112674713134766,62.55963134765625,60.916908264160156,61.823387145996094,48.588539123535156,117675
2002-04-25,61.29141616821289,62.985206604003906,60.00617980957031,61.88296890258789,48.63535690307617,849789
2002-04-26,61.372276306152344,62.45323944091797,61.372276306152344,61.69997024536133,48.491554260253906,103025
2002-04-29,60.09129333496094,61.53824996948242,60.09129333496094,60.40196228027344,47.47140884399414,189930
2002-04-30,62.55112075805664,62.725608825683594,60.453033447265625,62.14682388305664,48.84273910522461,181906
2002-05-01,62.14682388305664,62.14682388305664,62.14682388305664,62.14682388305664,48.84273910522461,0
2002-05-02,62.13831329345703,62.985206604003906,61.98936080932617,62.92988204956055,49.45815658569336,175033
2002-05-03,62.9766960144043,62.9766960144043,61.98936080932617,62.50430679321289,49.12369155883789,143863
2002-05-06,63.50440979003906,63.83210372924805,62.65325927734375,62.878814697265625,49.41802978515625,81383
2002-05-07,62.985206604003906,63.57250213623047,62.55963134765625,63.036277770996094,49.54177474975586,54878
2002-05-08,63.0703239440918,63.58101272583008,62.55963134765625,62.925628662109375,49.45481491088867,155777
2002-05-09,62.985206604003906,62.985206604003906,61.98936080932617,62.40642547607422,49.04676055908203,72689
2002-05-10,62.90009307861328,63.197994232177734,62.55963134765625,62.90009307861328,49.434749603271484,105656
2002-05-13,62.6064453125,63.92147445678711,62.6064453125,63.63633728027344,50.01338577270508,1108698
2002-05-14,64.006591796875,64.006591796875,63.41929626464844,63.640594482421875,50.016727447509766,960698
2002-05-15,63.4150390625,63.83635711669922,63.4150390625,63.734222412109375,50.09031295776367,56629
2002-05-16,63.83635711669922,63.92147445678711,63.41078186035156,63.789546966552734,50.1338005065918,469458
2002-05-17,63.41078186035156,64.17681884765625,62.985206604003906,63.5086669921875,49.91303634643555,960052
2002-05-20,63.83635711669922,63.83635711669922,62.521331787109375,63.44483184814453,49.86288070678711,204605
2002-05-21,62.54261016845703,64.26193237304688,60.17640686035156,61.610599517822266,48.421302795410156,643692
2002-05-22,61.29141616821289,62.81497573852539,61.28290557861328,61.325462341308594,48.197200775146484,183445
2002-05-23,60.465797424316406,61.665924072265625,60.465797424316406,60.857330322265625,47.82929611206055,143523
2002-05-24,60.4317512512207,61.28290557861328,59.41462707519531,59.704017639160156,46.92287826538086,449637
2002-05-27,59.755088806152344,60.423240661621094,59.155025482177734,60.265777587890625,47.36437225341797,481312
2002-05-28,58.554962158203125,63.83635711669922,58.554962158203125,59.6486930847168,46.879398345947266,604404
2002-05-29,59.750831604003906,60.26152420043945,58.82307815551758,59.248653411865234,46.56499099731445,658225
2002-05-30,58.129390716552734,59.6231575012207,58.129390716552734,59.26567459106445,46.578372955322266,625035
2002-05-31,59.155025482177734,59.83594512939453,58.72945022583008,59.10395812988281,46.45126724243164,511530
2002-06-03,58.72945022583008,60.00617980957031,58.30387496948242,59.661460876464844,46.88943099975586,555071
2002-06-04,58.38898849487305,59.908294677734375,58.38898849487305,59.503997802734375,46.76567459106445,421840
2002-06-05,59.19758224487305,60.4317512512207,59.19758224487305,59.76359939575195,46.9697151184082,263819
2002-06-06,59.58060073852539,59.92106246948242,58.133644104003906,58.45282745361328,45.93953323364258,1202829
2002-06-07,58.81456756591797,59.10395812988281,57.66551208496094,57.95915985107422,45.551544189453125,1014096
2002-06-10,58.30387496948242,58.62731170654297,57.1973762512207,58.05278396606445,45.62512969970703,240215
2002-06-11,58.06129837036133,59.155025482177734,58.06129837036133,58.950748443603516,46.33086013793945,661116
2002-06-12,59.41037368774414,60.4317512512207,58.9081916809082,59.3124885559082,46.61516571044922,427186
2002-06-13,59.58060073852539,59.916805267333984,59.155025482177734,59.295467376708984,46.6017951965332,167866
2002-06-14,59.58060073852539,60.60198211669922,59.2443962097168,60.38068389892578,47.45468521118164,64336
2002-06-17,62.04894256591797,62.04894256591797,59.759342193603516,60.73391342163086,47.732295989990234,180226
2002-06-18,60.8360481262207,60.93818664550781,60.48282241821289,60.772212982177734,47.762393951416016,200234
2002-06-19,60.516868591308594,61.53824996948242,60.516868591308594,60.90839767456055,47.86942672729492,646300
2002-06-20,61.027557373046875,62.04894256591797,60.274288177490234,61.24885940551758,48.13700866699219,169253
2002-06-21,61.20204544067383,61.30418395996094,60.67433166503906,61.19778823852539,48.09687042236328,149515
2002-06-24,61.112674713134766,61.368019104003906,60.98500061035156,61.261627197265625,48.14703369140625,317522
2002-06-25,61.28716278076172,61.68720245361328,61.112674713134766,61.19778823852539,48.09687042236328,363378
2002-06-26,59.58060073852539,61.60208511352539,59.58060073852539,60.90414047241211,47.8660774230957,240697
2002-06-27,60.010433197021484,60.963722229003906,60.00617980957031,60.57219314575195,47.60519790649414,151242
2002-06-28,61.104164123535156,61.104164123535156,60.295570373535156,60.59772872924805,47.625267028808594,108782
2002-07-01,60.4317512512207,60.772212982177734,59.844459533691406,60.257266998291016,47.35768127441406,149914
2002-07-02,59.844459533691406,60.857330322265625,59.844459533691406,60.83179473876953,47.80922317504883,68389
2002-07-03,60.29131317138672,60.94244384765625,60.29131317138672,60.77647018432617,47.76573944091797,190424
2002-07-04,60.44026565551758,60.47431182861328,60.00617980957031,60.13385009765625,47.26069641113281,92827
2002-07-05,60.4317512512207,60.4317512512207,60.00617980957031,60.08278274536133,47.220558166503906,702260
2002-07-08,60.35514831542969,60.857330322265625,60.265777587890625,60.44877624511719,47.508201599121094,487363
2002-07-09,59.98915481567383,59.98915481567383,59.495487213134766,59.61890411376953,47.763912200927734,411936
2002-07-10,59.58060073852539,59.92106246948242,59.58060073852539,59.78487777709961,47.896881103515625,269904
2002-07-11,59.64018249511719,59.66571807861328,58.47410583496094,58.903934478759766,47.19110870361328,508487
2002-07-12,59.32099914550781,59.32525634765625,57.282493591308594,57.76339340209961,46.27735900878906,519566
2002-07-15,58.30387496948242,58.47410583496094,57.96341323852539,58.091087341308594,46.53988265991211,307089
2002-07-16,58.133644104003906,58.640079498291016,57.474002838134766,58.384735107421875,46.775150299072266,224119
2002-07-17,58.30387496948242,58.30387496948242,57.66551208496094,57.988948822021484,46.458072662353516,281042
2002-07-18,57.793182373046875,58.648590087890625,57.71232223510742,58.15492248535156,46.59103775024414,169029
2002-07-19,57.546348571777344,59.23588562011719,57.482513427734375,57.686790466308594,46.21599197387695,493554
2002-07-22,58.725196838378906,59.58060073852539,56.784568786621094,57.76765060424805,46.28076934814453,1134263
2002-07-23,64.68750762939453,64.68750762939453,57.02714920043945,58.23152542114258,46.65241241455078,407365
2002-07-24,57.88255310058594,58.98479461669922,57.01863479614258,58.1591796875,46.59445571899414,125606
2002-07-25,58.31238555908203,58.38898849487305,54.13323211669922,54.4609260559082,43.63157272338867,832930
2002-07-26,54.643924713134766,55.15461349487305,52.3458137512207,53.2735710144043,42.680320739746094,1200338
2002-07-29,55.22696304321289,55.22696304321289,52.388370513916016,53.345916748046875,42.73828125,369475
2002-07-30,52.3458137512207,54.303462982177734,52.3458137512207,54.03960418701172,43.294044494628906,135181
2002-07-31,54.303462982177734,54.303462982177734,52.26070022583008,53.239524841308594,42.65304946899414,473781
2002-08-01,54.043861389160156,59.495487213134766,51.92023849487305,52.56285858154297,42.11093521118164,375973
2002-08-02,49.366783142089844,52.601158142089844,49.366783142089844,50.17963409423828,40.20160675048828,922538
2002-08-05,50.89885711669922,51.92023849487305,46.08985137939453,47.80066680908203,38.29568862915039,2332957
2002-08-06,47.91982650756836,48.758209228515625,47.32402038574219,48.6135139465332,38.9468994140625,665240
2002-08-07,48.77097702026367,49.57957077026367,48.50712203979492,49.30720520019531,39.502655029296875,911377
2002-08-08,49.7923583984375,49.7923583984375,48.898651123046875,49.37955093383789,39.56061935424805,263031
2002-08-09,49.28166961669922,49.962589263916016,48.898651123046875,49.81364059448242,39.90838623046875,470762
2002-08-12,49.962589263916016,50.813743591308594,49.817893981933594,50.39242172241211,40.37208557128906,289725
2002-08-13,50.30305099487305,50.7286262512207,50.047706604003906,50.33283996582031,40.3243522644043,114198
2002-08-14,46.89844512939453,50.89885711669922,46.89844512939453,49.17953109741211,39.40037155151367,123703
2002-08-15,49.17953109741211,49.17953109741211,49.17953109741211,49.17953109741211,39.40037155151367,0
2002-08-16,49.37529754638672,49.37529754638672,48.36668014526367,48.95823287963867,39.223079681396484,375585
2002-08-19,49.19655227661133,50.983970642089844,49.1114387512207,49.9455680847168,40.01408386230469,614919
2002-08-20,50.047706604003906,50.38816452026367,49.41785430908203,50.05195999145508,40.09932327270508,499864
2002-08-21,48.94120788574219,50.61371994018555,48.94120788574219,50.2307014465332,40.24251937866211,246795
2002-08-22,50.30305099487305,50.59244155883789,49.7923583984375,50.43923568725586,40.40958786010742,84133
2002-08-23,50.21793746948242,51.49466323852539,50.21793746948242,51.09036636352539,40.93124771118164,179627
2002-08-26,51.29889678955078,51.409549713134766,50.38816452026367,51.12866973876953,40.961936950683594,117793
2002-08-27,51.409549713134766,51.409549713134766,50.813743591308594,51.030784606933594,40.883506774902344,123291
2002-08-28,50.38816452026367,51.23931884765625,50.38816452026367,51.10738754272461,40.944881439208984,52411
2002-08-29,51.23931884765625,51.45210647583008,50.30305099487305,50.64351272583008,40.57323455810547,714091
2002-08-30,50.89885711669922,51.13718032836914,50.38816452026367,50.54988479614258,40.498233795166016,592655
2002-09-02,51.0648307800293,51.0648307800293,50.24772644042969,50.413700103759766,40.389122009277344,305057
2002-09-03,50.64351272583008,50.7286262512207,50.21793746948242,50.260494232177734,40.26638412475586,198777
2002-09-04,50.38816452026367,50.64351272583008,49.87747573852539,50.315818786621094,40.31070327758789,232273
2002-09-05,49.962589263916016,50.983970642089844,49.962589263916016,50.205169677734375,40.22206115722656,346836
2002-09-06,50.13282012939453,50.89885711669922,49.87747573852539,50.103031158447266,40.140235900878906,258955
2002-09-09,50.21793746948242,50.21793746948242,49.53701400756836,49.72426986694336,39.83678436279297,170521
2002-09-10,49.72426986694336,49.72426986694336,49.72426986694336,49.72426986694336,39.83678436279297,0
2002-09-11,49.72001266479492,50.38816452026367,49.63489532470703,50.03919219970703,40.08908462524414,150560
2002-09-12,50.12430953979492,50.72437286376953,49.81364059448242,50.409446716308594,40.38572311401367,43094
2002-09-13,49.962589263916016,50.13282012939453,49.11994934082031,49.443389892578125,39.61176681518555,688138
2002-09-16,49.1114387512207,49.707244873046875,49.047603607177734,49.33699417114258,39.52651596069336,261152
2002-09-17,50.64351272583008,50.64351272583008,49.11569595336914,49.358272552490234,39.54357147216797,344650
2002-09-18,49.366783142089844,49.405086517333984,49.06037139892578,49.32422637939453,39.51628494262695,168700
2002-09-19,49.19655227661133,49.358272552490234,48.558189392089844,49.01355743408203,39.267391204833984,105398
2002-09-20,48.52414321899414,50.21793746948242,45.62171936035156,47.489994049072266,38.04679489135742,374292
2002-09-23,47.430416107177734,48.1751708984375,47.41764831542969,47.76236343383789,38.26499938964844,112236
2002-09-24,47.749595642089844,48.345401763916016,47.20486068725586,47.87726974487305,38.3570556640625,119837
2002-09-25,55.00566482543945,55.75041961669922,46.99207305908203,47.243160247802734,37.849037170410156,479397
2002-09-26,47.4942512512207,47.57936477661133,46.813331604003906,46.84312057495117,37.52854919433594,93626
2002-09-27,49.7923583984375,49.7923583984375,45.19614028930664,45.43021011352539,36.39659118652344,926427
2002-09-30,45.96217727661133,45.96217727661133,44.2598762512207,44.459896087646484,35.61921310424805,376865
2002-10-01,45.02591323852539,45.111026763916016,44.17475891113281,44.58331298828125,35.71809387207031,216412
2002-10-02,44.58331298828125,44.58331298828125,44.58331298828125,44.58331298828125,35.71809387207031,0
2002-10-03,45.10676956176758,45.111026763916016,44.08964538574219,44.745033264160156,35.84764862060547,290759
2002-10-04,45.111026763916016,45.315303802490234,44.153480529785156,44.23008346557617,35.43510055541992,304704
2002-10-07,44.00453186035156,44.34498977661133,43.8555793762207,44.14496994018555,35.36691665649414,187322
2002-10-08,42.82143020629883,44.2598762512207,42.82143020629883,43.183170318603516,34.59636306762695,380625
2002-10-09,51.579776763916016,51.579776763916016,42.646942138671875,42.82143020629883,34.30654525756836,403946
2002-10-10,42.6426887512207,42.9788932800293,41.19998550415039,41.51491165161133,33.25983810424805,1412192
2002-10-11,42.131996154785156,42.55757141113281,39.32319641113281,41.23828887939453,33.0382194519043,2483330
2002-10-14,42.04688262939453,42.98314666748047,39.927513122558594,40.0892333984375,32.11764144897461,1392971
2002-10-15,40.0892333984375,40.0892333984375,40.0892333984375,40.0892333984375,32.11764144897461,0
2002-10-16,40.53608703613281,41.770259857177734,40.45097351074219,41.38298416137695,33.15414047241211,1139973
2002-10-17,40.68503952026367,41.770259857177734,40.68503952026367,41.60853958129883,33.33484649658203,603241
2002-10-18,41.65535354614258,42.42564392089844,41.60428237915039,41.75323486328125,33.45076370239258,2384969
2002-10-21,41.45107650756836,42.12348556518555,41.45107650756836,41.78728103637695,33.47804260253906,902213
2002-10-22,42.55757141113281,42.55757141113281,41.54044723510742,41.634071350097656,33.355289459228516,421335
2002-10-23,41.7064208984375,42.04688262939453,41.19572830200195,41.65535354614258,33.37234878540039,714267
2002-10-24,40.85527038574219,41.66386413574219,40.514808654785156,41.40851974487305,33.174591064453125,598083
2002-10-25,41.7064208984375,41.7064208984375,40.982940673828125,41.46809768676758,33.222328186035156,324325
2002-10-28,42.55757141113281,42.55757141113281,41.621307373046875,41.723445892333984,33.42689514160156,1129011
2002-10-29,41.79579162597656,42.042625427246094,41.791534423828125,41.970279693603516,33.62464904785156,211818
2002-10-30,39.1529655456543,41.91920852661133,39.1529655456543,41.6723747253418,33.385982513427734,341889
2002-10-31,42.9788932800293,47.15378952026367,41.378726959228516,41.95325469970703,33.61100387573242,874603
2002-11-01,41.7064208984375,42.30222702026367,41.621307373046875,41.71493148803711,33.420074462890625,2727516
2002-11-04,43.40872573852539,43.40872573852539,41.88090515136719,42.90229034423828,34.37133026123047,246936
2002-11-05,42.92356872558594,43.66407012939453,42.770362854003906,43.41297912597656,34.78047180175781,877716
2002-11-06,43.41297912597656,43.41297912597656,43.41297912597656,43.41297912597656,34.78047180175781,0
2002-11-07,43.00442886352539,43.83430099487305,42.6426887512207,43.54490661621094,34.886165618896484,964998
2002-11-08,42.81291961669922,44.07687759399414,42.81291961669922,43.95771789550781,35.21689224243164,258590
2002-11-11,43.43000411987305,45.45148849487305,43.43000411987305,45.33232498168945,36.31816482543945,719225
2002-11-12,44.77482223510742,46.20050048828125,44.68545150756836,46.038780212402344,36.88414764404297,1367805
2002-11-13,45.96217727661133,46.123897552490234,45.45148849487305,45.96217727661133,36.8227653503418,1601230
2002-11-14,45.96217727661133,46.04729461669922,45.53660202026367,45.96217727661133,36.8227653503418,1533076
2002-11-15,45.96217727661133,45.96217727661133,44.99186706542969,45.825992584228516,36.71367263793945,817116
2002-11-18,45.62171936035156,46.115386962890625,45.62171936035156,45.966434478759766,36.82617950439453,368453
2002-11-19,45.966434478759766,45.966434478759766,45.966434478759766,45.966434478759766,36.82617950439453,0
2002-11-20,46.04303741455078,46.34519577026367,45.79194641113281,45.94089889526367,36.80571746826172,269575
2002-11-21,45.79620361328125,46.29838180541992,42.723548889160156,45.86003875732422,36.74095153808594,111225
2002-11-22,47.749595642089844,47.749595642089844,45.23870086669922,45.78769302368164,36.68297576904297,2222213
2002-11-25,46.54096221923828,46.54096221923828,45.79194641113281,45.91536331176758,36.78525924682617,859517
2002-11-26,45.625972747802734,45.96217727661133,45.54511260986328,45.68555450439453,36.601165771484375,315278
2002-11-27,45.94940948486328,45.94940948486328,45.11528396606445,45.43021011352539,36.39659118652344,553168
2002-11-28,45.28125762939453,46.217525482177734,45.28125762939453,45.94940948486328,36.81254577636719,1112445
2002-11-29,45.79620361328125,46.217525482177734,45.63022994995117,45.96217727661133,36.8227653503418,1688442
2002-12-02,45.872806549072266,46.115386962890625,45.53660202026367,45.90685272216797,36.778438568115234,536872
2002-12-03,45.53660202026367,47.10272216796875,44.770565032958984,46.736724853515625,37.44330978393555,3843969
2002-12-04,46.060062408447266,47.55808639526367,45.70683288574219,45.957923889160156,36.819358825683594,1762036
2002-12-05,45.111026763916016,47.4942512512207,45.111026763916016,46.877166748046875,37.555816650390625,3595235
2002-12-06,47.23890686035156,48.41349411010742,46.813331604003906,48.1411247253418,38.56844711303711,526557
2002-12-09,48.68586349487305,49.02632522583008,48.090057373046875,48.90290832519531,39.178749084472656,1758817
2002-12-10,48.51563262939453,49.1114387512207,48.1751708984375,48.73693084716797,39.045772552490234,496621
2002-12-11,50.047706604003906,50.89885711669922,48.51563262939453,48.82630157470703,39.11738204956055,1221098
2002-12-12,48.51988983154297,48.91141891479492,48.51563262939453,48.58372497558594,38.923030853271484,272736
2002-12-13,48.51563262939453,48.72842025756836,48.51563262939453,48.55393600463867,38.899169921875,191799
2002-12-16,48.51563262939453,48.94120788574219,48.51563262939453,48.749698638916016,39.05600357055664,446289
2002-12-17,48.936954498291016,50.983970642089844,48.605003356933594,48.936954498291016,39.206031799316406,1353895
2002-12-18,47.834712982177734,48.73693084716797,47.834712982177734,48.59223556518555,38.92985153198242,410984
2002-12-19,47.23890686035156,49.53701400756836,47.23890686035156,49.40082931518555,39.577667236328125,270433
2002-12-20,49.366783142089844,49.37104034423828,48.68586349487305,48.78374481201172,39.083274841308594,301591
2002-12-23,48.9837646484375,49.1114387512207,48.85609436035156,48.945465087890625,39.21284866333008,222522
2002-12-24,48.945465087890625,50.21793746948242,48.945465087890625,49.668941497802734,39.79246139526367,655582
2002-12-25,49.668941497802734,49.668941497802734,49.668941497802734,49.668941497802734,39.79246139526367,0
2002-12-26,49.64766311645508,50.89885711669922,49.64766311645508,50.47328186035156,40.43686294555664,259260
2002-12-27,50.30305099487305,50.72437286376953,49.89024353027344,50.28602981567383,40.28684616088867,136885
2002-12-30,49.84342956542969,50.047706604003906,49.707244873046875,49.77533721923828,39.87770462036133,52246
2002-12-31,47.32402038574219,50.28602981567383,47.23890686035156,49.88172912597656,39.96293640136719,219255
2003-01-01,49.02632522583008,50.44774627685547,49.02632522583008,49.86896514892578,39.952720642089844,179873
2003-01-02,49.715755462646484,50.103031158447266,49.53701400756836,49.72001266479492,39.833377838134766,253421
2003-01-03,47.834712982177734,50.34135437011719,47.834712982177734,50.12430953979492,40.15728759765625,1522208
2003-01-06,50.21793746948242,50.30305099487305,50.02642822265625,50.1966552734375,40.21523666381836,566385
2003-01-07,49.02632522583008,50.62223434448242,49.02632522583008,50.23921585083008,40.24934005737305,270304
2003-01-08,49.668941497802734,50.260494232177734,49.62213134765625,49.70298767089844,39.81973648071289,612652
2003-01-09,49.7923583984375,50.47328186035156,49.549781799316406,49.73703384399414,39.847015380859375,1896818
2003-01-10,50.54137420654297,50.89885711669922,49.37529754638672,50.2562370300293,40.262977600097656,332573
2003-01-13,50.47328186035156,50.47328186035156,50.047706604003906,50.23495864868164,40.24592208862305,670526
2003-01-14,50.46477127075195,51.23506164550781,50.21793746948242,51.069087982177734,40.91419219970703,772870
2003-01-15,50.813743591308594,51.069087982177734,50.7286262512207,50.93716049194336,40.80850601196289,701637
2003-01-16,51.15420150756836,51.792564392089844,50.68606948852539,51.069087982177734,40.91419219970703,483838
2003-01-17,51.069087982177734,51.32017517089844,50.524349212646484,50.89034652709961,40.770992279052734,1087338
2003-01-20,50.89885711669922,51.38401412963867,50.69032669067383,50.975460052490234,40.839195251464844,654102
2003-01-21,50.48179244995117,51.15420150756836,50.320072174072266,51.03504180908203,40.88691711425781,175362
2003-01-22,50.78395080566406,51.230804443359375,50.77544021606445,51.0648307800293,40.91078186035156,221593
2003-01-23,52.77138900756836,52.77138900756836,51.069087982177734,51.59254455566406,41.33355712890625,270927
2003-01-24,51.49466323852539,52.25218963623047,51.49466323852539,51.94577407836914,41.61655044555664,1180917
2003-01-27,51.069087982177734,52.07344436645508,51.069087982177734,51.74575424194336,41.45630645751953,1812850
2003-01-28,49.366783142089844,51.91172790527344,49.366783142089844,50.99248504638672,40.85282516479492,2417689
2003-01-29,50.669044494628906,51.069087982177734,50.64351272583008,50.97971725463867,40.842594146728516,436890
2003-01-30,50.21793746948242,51.2265510559082,50.21793746948242,51.00950622558594,40.866458892822266,692990
2003-01-31,51.409549713134766,51.409549713134766,50.70734786987305,51.069087982177734,40.91419219970703,857050
2003-02-03,51.464874267578125,51.464874267578125,50.75841522216797,50.93290328979492,40.80509567260742,355894
2003-02-04,56.005767822265625,56.005767822265625,50.79246139526367,51.120155334472656,40.955108642578125,579638
2003-02-05,54.048118591308594,54.048118591308594,50.911624908447266,51.222293853759766,41.03693771362305,2488217
2003-02-06,51.25634002685547,51.409549713134766,50.90736770629883,51.030784606933594,40.883506774902344,272195
2003-02-07,50.74990463256836,51.069087982177734,50.65202331542969,50.90736770629883,40.78463363647461,706724
2003-02-10,50.89885711669922,51.23931884765625,50.64351272583008,51.09462356567383,40.93465805053711,156693
2003-02-11,52.17558288574219,52.26070022583008,50.89885711669922,51.175479888916016,40.99942398071289,909050
2003-02-12,52.09046936035156,52.3458137512207,50.826507568359375,51.005252838134766,40.86305236816406,620289
2003-02-13,51.005252838134766,51.005252838134766,51.005252838134766,51.005252838134766,40.86305236816406,0
2003-02-14,50.89885711669922,51.069087982177734,50.64351272583008,50.856300354003906,40.743717193603516,283839
2003-02-17,51.792564392089844,51.792564392089844,50.35411834716797,50.46477127075195,40.4300422668457,963306
2003-02-18,50.43072509765625,50.43072509765625,49.7923583984375,50.20942306518555,40.225467681884766,427820
2003-02-19,51.02653121948242,51.02653121948242,49.451900482177734,50.009403228759766,40.065216064453125,500745
2003-02-20,50.047706604003906,50.047706604003906,48.95823287963867,49.1114387512207,39.34581756591797,715959
2003-02-21,49.87747573852539,49.87747573852539,48.60926055908203,48.68160629272461,39.00145721435547,169123
2003-02-24,49.03057861328125,49.03483581542969,48.00494384765625,48.2092170715332,38.62299728393555,621252
2003-02-25,48.48158645629883,48.94120788574219,48.183685302734375,48.31135559082031,38.70482635498047,252293
2003-02-26,48.345401763916016,48.93269729614258,47.84748077392578,48.47732925415039,38.83779525756836,1031614
2003-02-27,48.82630157470703,48.94120788574219,48.090057373046875,48.834815979003906,39.12419509887695,351218
2003-02-28,49.358272552490234,50.21793746948242,48.77097702026367,49.98386764526367,40.044776916503906,1036313
2003-03-03,50.12856674194336,50.34560775756836,49.558292388916016,50.17112350463867,40.194786071777344,298243
2003-03-04,50.53286361694336,50.63925552368164,49.451900482177734,50.35411834716797,40.341392517089844,660023
2003-03-05,49.451900482177734,51.069087982177734,48.77097702026367,49.009300231933594,39.26398849487305,1052174
2003-03-06,47.66448211669922,49.1114387512207,47.66448211669922,48.97100067138672,39.233299255371094,623379
2003-03-07,49.349761962890625,49.366783142089844,48.145381927490234,48.851837158203125,39.13783264160156,754272
2003-03-10,49.707244873046875,49.962589263916016,48.345401763916016,48.62202835083008,38.9537239074707,1007411
2003-03-11,48.77097702026367,49.78384780883789,48.51563262939453,48.7667236328125,39.06965255737305,710049
2003-03-12,48.77523422241211,49.34550476074219,48.6135139465332,48.702884674072266,39.01850128173828,719272
2003-03-13,49.28166961669922,49.7923583984375,47.941104888916016,48.12410354614258,38.5548095703125,580754
2003-03-14,48.12410354614258,48.12410354614258,48.12410354614258,48.12410354614258,38.5548095703125,0
2003-03-17,47.32402038574219,48.68160629272461,46.64310073852539,46.97504806518555,37.634239196777344,372941
2003-03-18,46.97504806518555,46.97504806518555,46.97504806518555,46.97504806518555,37.634239196777344,0
2003-03-19,48.00494384765625,48.00494384765625,46.132408142089844,47.01760482788086,37.668338775634766,543311
2003-03-20,47.66022491455078,47.66022491455078,46.217525482177734,47.11123275756836,37.74334716796875,238288
2003-03-21,46.5579833984375,47.66448211669922,46.5579833984375,47.485740661621094,38.04338073730469,767055
2003-03-24,47.41764831542969,47.8304557800293,47.20486068725586,47.25167465209961,37.855865478515625,160652
2003-03-25,47.234649658203125,47.234649658203125,46.81758499145508,47.10697555541992,37.739933013916016,220982
2003-03-26,46.813331604003906,47.40913772583008,42.56608581542969,46.95376968383789,37.617191314697266,1817067
2003-03-27,46.983558654785156,47.23890686035156,46.84737777709961,47.05165100097656,37.695613861083984,710848
2003-03-28,46.81758499145508,46.983558654785156,45.63022994995117,45.911109924316406,36.78186798095703,619537
2003-03-31,47.15378952026367,47.15378952026367,45.306793212890625,45.50255584716797,36.45454788208008,786276
2003-04-01,45.96217727661133,46.813331604003906,45.28551483154297,46.60054016113281,37.334205627441406,334687
2003-04-02,46.728214263916016,47.05165100097656,46.387752532958984,46.84312057495117,37.52854919433594,1105596
2003-04-03,46.85588836669922,47.10272216796875,46.813331604003906,47.04314041137695,37.68879318237305,283181
2003-04-04,46.93674850463867,47.32402038574219,46.89844512939453,47.23890686035156,37.84563064575195,1106125
2003-04-07,46.90270233154297,47.91982650756836,46.90270233154297,47.7708740234375,38.271820068359375,760440
2003-04-08,47.32402038574219,50.21793746948242,47.32402038574219,49.83491897583008,39.92543411254883,2746667
2003-04-09,49.7923583984375,50.251983642578125,49.19655227661133,50.18814468383789,40.208412170410156,1224082
2003-04-10,49.19655227661133,50.38816452026367,48.945465087890625,50.213680267333984,40.228878021240234,1277105
2003-04-11,51.069087982177734,51.069087982177734,48.77097702026367,49.15825271606445,39.38331604003906,580495
2003-04-14,49.15825271606445,49.15825271606445,49.15825271606445,49.15825271606445,39.38331604003906,0
2003-04-15,48.68586349487305,50.7286262512207,48.68586349487305,49.34550476074219,39.5333366394043,216424
2003-04-16,49.366783142089844,50.55839538574219,49.06462478637695,50.40093231201172,40.3788948059082,725476
2003-04-17,51.04355239868164,51.40529251098633,50.22644805908203,51.2520866394043,41.0608024597168,536050
2003-04-18,51.2520866394043,51.2520866394043,51.2520866394043,51.2520866394043,41.0608024597168,0
2003-04-21,51.324432373046875,52.924598693847656,51.23931884765625,52.788414001464844,42.2916374206543,988578
2003-04-22,52.35007095336914,53.196964263916016,51.95002746582031,52.4053955078125,41.984779357910156,761615
2003-04-23,52.18409729003906,52.481998443603516,51.32868957519531,51.924495697021484,41.59950256347656,738822
2003-04-24,51.37550354003906,52.09046936035156,50.89885711669922,51.9415168762207,41.61314010620117,1359840
2003-04-25,51.83512496948242,51.91598129272461,50.856300354003906,50.97971725463867,40.842594146728516,320330
2003-04-28,51.48615264892578,53.11185073852539,51.069087982177734,52.6820182800293,42.20639419555664,996238
2003-04-29,52.933109283447266,53.9630012512207,52.3458137512207,53.42251968383789,42.79964828491211,1104973
2003-04-30,53.494869232177734,53.87788772583008,52.179840087890625,52.45646286010742,42.025691986083984,1943050
2003-05-01,52.45646286010742,52.45646286010742,52.45646286010742,52.45646286010742,42.025691986083984,0
2003-05-02,52.77138900756836,53.62254333496094,52.46072006225586,53.11610794067383,42.55417251586914,855112
2003-05-05,52.788414001464844,54.12472152709961,52.788414001464844,53.758724212646484,43.069000244140625,565116
2003-05-06,53.06929397583008,53.87363052368164,53.06929397583008,53.72042465209961,43.038326263427734,834951
2003-05-07,53.32463836669922,53.79277038574219,53.32463836669922,53.7119140625,43.03151321411133,554202
2003-05-08,53.550193786621094,53.71616744995117,53.026737213134766,53.06503677368164,42.51326370239258,605450
2003-05-09,52.3458137512207,53.62254333496094,51.92023849487305,53.035247802734375,42.48938751220703,768852
2003-05-12,51.92023849487305,53.750213623046875,51.92023849487305,53.57572937011719,42.92239761352539,371132
2003-05-13,53.62254333496094,53.9630012512207,52.49476623535156,52.971412658691406,42.43825149536133,167443
2003-05-14,53.196964263916016,53.6182861328125,52.941619873046875,53.22675704956055,42.64281463623047,336403
2003-05-15,53.6182861328125,54.98012924194336,53.243778228759766,54.62689971923828,43.764549255371094,558067
2003-05-16,54.4864616394043,55.48656463623047,54.4864616394043,54.98012924194336,44.04753494262695,316629
2003-05-19,55.920650482177734,56.720733642578125,54.899269104003906,56.516456604003906,45.278385162353516,942076
2003-05-20,55.83979034423828,56.60157012939453,55.83979034423828,56.516456604003906,45.278385162353516,446888
2003-05-21,55.94192886352539,56.85691833496094,55.94192886352539,56.427085876464844,45.206764221191406,550336
2003-05-22,55.754676818847656,58.46559143066406,55.754676818847656,58.20599365234375,46.63195037841797,852621
2003-05-23,59.155025482177734,59.750831604003906,57.11226272583008,59.465694427490234,47.64116668701172,839427
2003-05-26,60.17640686035156,60.17640686035156,58.55921936035156,59.6827392578125,47.815059661865234,328073
2003-05-27,59.06991195678711,59.444419860839844,58.72945022583008,58.950748443603516,47.228614807128906,192985
2003-05-28,59.06991195678711,59.495487213134766,57.96341323852539,58.24855041503906,46.66604995727539,152652
2003-05-29,58.10385513305664,59.099700927734375,58.10385513305664,58.76775360107422,47.08201217651367,420430
2003-05-30,58.346431732177734,58.725196838378906,57.81871795654297,58.15492248535156,46.59103775024414,553297
2003-06-02,58.72945022583008,59.129493713378906,56.60157012939453,58.133644104003906,46.57399368286133,306608
2003-06-03,57.282493591308594,58.55070877075195,57.282493591308594,58.00171661376953,46.468292236328125,292533
2003-06-04,59.495487213134766,59.495487213134766,57.45272445678711,57.79743957519531,46.30464172363281,616341
2003-06-05,57.02714920043945,58.30387496948242,57.02714920043945,57.61869812011719,46.161441802978516,1217762
2003-06-06,57.282493591308594,58.11661911010742,57.20163345336914,58.01873779296875,46.481929779052734,309639
2003-06-09,57.886810302734375,59.66571807861328,57.886810302734375,59.51676559448242,47.68208694458008,858507
2003-06-10,58.9081916809082,61.28290557861328,58.9081916809082,60.94244384765625,48.82427215576172,1472205
2003-06-11,61.027557373046875,61.4531364440918,60.34663772583008,60.653053283691406,48.5924186706543,695469
2003-06-12,60.34663772583008,61.69145965576172,60.34663772583008,61.112674713134766,48.960662841796875,505127
2003-06-13,60.94244384765625,60.963722229003906,59.59336853027344,60.16789627075195,48.203739166259766,573822
2003-06-16,60.018943786621094,60.42749786376953,59.58060073852539,60.108314514160156,48.156005859375,398143
2003-06-17,60.09129333496094,62.81497573852539,59.755088806152344,62.26598358154297,49.884639739990234,1286797
2003-06-18,62.21916961669922,65.11308288574219,62.134056091308594,64.25342559814453,51.47687911987305,1588060
2003-06-19,65.45354461669922,65.79400634765625,63.0703239440918,65.4620590209961,52.44518280029297,1387802
2003-06-20,65.3428955078125,65.3428955078125,63.83635711669922,64.24065399169922,51.466644287109375,249732
2003-06-23,62.30428695678711,64.24065399169922,60.4913330078125,63.81082534790039,51.122283935546875,404428
2003-06-24,62.65751266479492,63.41078186035156,59.79338836669922,60.52112579345703,48.48672866821289,1297665
2003-06-25,62.985206604003906,63.49589920043945,61.70848083496094,62.85327911376953,50.35514450073242,834281
2003-06-26,62.30854034423828,63.15543746948242,62.30854034423828,62.942649841308594,50.42674255371094,706889
2003-06-27,62.568145751953125,64.34705352783203,61.968082427978516,63.695919036865234,51.030235290527344,1235068
2003-06-30,64.17681884765625,64.3427963256836,63.4150390625,63.602291107177734,50.955223083496094,469129
2003-07-01,62.30428695678711,63.66613006591797,61.71699142456055,62.163848876953125,49.802799224853516,845713
2003-07-02,61.96382522583008,63.0703239440918,61.80210876464844,62.55112075805664,50.11307144165039,1024283
2003-07-03,61.28290557861328,62.77241897583008,60.865840911865234,61.35099792480469,49.151588439941406,1436512
2003-07-04,61.53824996948242,62.21916961669922,60.8615837097168,61.610599517822266,49.359561920166016,1370179
2003-07-07,61.70848083496094,64.68750762939453,60.857330322265625,63.44483184814453,50.82907485961914,1511411
2003-07-08,64.68750762939453,66.7983627319336,63.92147445678711,65.21096801757812,52.2440071105957,2077949
2003-07-09,65.28331756591797,65.623779296875,64.51302337646484,65.0322265625,52.10081100463867,964951
2003-07-10,65.11308288574219,65.20671081542969,64.26193237304688,64.70878601074219,51.8416862487793,499135
2003-07-11,64.68750762939453,66.90050506591797,64.68750762939453,65.85784149169922,52.762264251708984,2084247
2003-07-14,65.87911987304688,66.56004333496094,62.55963134765625,65.69612121582031,53.56731414794922,1440425
2003-07-15,65.11308288574219,66.74729919433594,65.11308288574219,66.01104736328125,53.824092864990234,3073965
2003-07-16,67.15585327148438,68.00700378417969,65.96424102783203,66.41534423828125,54.153751373291016,1915593
2003-07-17,66.64515686035156,68.59429931640625,66.56430053710938,67.3090591430664,54.88247299194336,2145916
2003-07-18,65.623779296875,68.51343536376953,65.623779296875,67.7431411743164,55.23640060424805,1376347
2003-07-21,68.09211730957031,68.6028060913086,67.32608032226562,67.76016998291016,55.25030517578125,1280453
2003-07-22,60.52963638305664,68.34746551513672,60.52963638305664,67.48780059814453,55.02820587158203,1112410
2003-07-23,68.10063171386719,68.10063171386719,65.14287567138672,66.04084014892578,53.848392486572266,925463
2003-07-24,66.13446807861328,66.29193115234375,64.68750762939453,65.61100769042969,53.497901916503906,1146446
2003-07-25,66.38981628417969,68.33895111083984,66.38981628417969,68.09637451171875,55.52443313598633,2055732
2003-07-28,68.51769256591797,70.39022827148438,68.47513580322266,69.64546966552734,56.78752517700195,2145634
2003-07-29,70.36469268798828,70.64556884765625,69.19861602783203,69.85399627685547,56.957557678222656,1429933
2003-07-30,70.6370620727539,71.75206756591797,69.79441833496094,70.59024810791016,57.55788040161133,1202864
2003-07-31,70.30936431884766,72.3478775024414,69.04115295410156,69.62844848632812,56.773651123046875,3094455
2003-08-01,69.36884307861328,69.8837890625,67.59844970703125,69.02412414550781,56.28090286254883,2344670
2003-08-04,69.36884307861328,72.76493835449219,69.36884307861328,72.20743560791016,58.876522064208984,4051452
2003-08-05,72.88410186767578,74.98644256591797,71.92655181884766,72.46703338623047,59.088191986083984,2572691
2003-08-06,74.05017852783203,74.05017852783203,70.64556884765625,71.90953063964844,58.63359832763672,1617925
2003-08-07,73.41181182861328,73.9650650024414,72.35638427734375,72.93942260742188,59.47334671020508,2291354
2003-08-08,73.02879333496094,73.305419921875,72.3478775024414,73.24584197998047,59.723209381103516,1954681
2003-08-11,73.07135009765625,76.60363006591797,72.77770233154297,74.82047271728516,61.007137298583984,2326671
2003-08-12,74.90132904052734,75.75247955322266,73.98634338378906,74.9481430053711,61.11124038696289,1015013
2003-08-13,75.326904296875,76.25040435791016,74.90132904052734,75.90568542480469,61.892005920410156,1939584
2003-08-14,75.83759307861328,76.944091796875,75.326904296875,76.29296112060547,62.2077522277832,1328482
2003-08-15,76.29296112060547,76.29296112060547,76.29296112060547,76.29296112060547,62.2077522277832,0
2003-08-18,76.60363006591797,78.73150634765625,76.17805480957031,78.47190856933594,63.984432220458984,3187294
2003-08-19,79.5826644897461,79.9912109375,77.62501525878906,78.04633331298828,63.63744354248047,1103622
2003-08-20,79.41242980957031,79.5826644897461,77.53990173339844,78.78683471679688,64.24121856689453,1115500
2003-08-21,78.3059310913086,79.83800506591797,77.71012878417969,78.71874237060547,64.1856918334961,1049766
2003-08-22,79.15708923339844,79.15708923339844,77.02920532226562,78.68894958496094,64.16140747070312,1544037
2003-08-25,79.57415008544922,79.5826644897461,75.34818267822266,76.73981475830078,62.57212448120117,2718070
2003-08-26,77.02920532226562,79.5826644897461,77.02920532226562,77.70587158203125,63.35981369018555,1438768
2003-08-27,78.13570404052734,78.72725677490234,77.31008911132812,77.94844818115234,63.557621002197266,1401853
2003-08-28,79.05068969726562,79.05068969726562,77.02920532226562,77.15262603759766,62.90871047973633,1552391
2003-08-29,77.8207778930664,78.41658020019531,76.17805480957031,77.64203643798828,63.30777359008789,1237958
2003-09-01,71.92229461669922,80.85939025878906,71.92229461669922,80.02100372314453,65.2475357055664,1609842
2003-09-02,81.02961730957031,81.44668579101562,77.45478057861328,78.99962615966797,64.41472625732422,970273
2003-09-03,79.5826644897461,79.60819244384766,77.07176208496094,77.58670806884766,63.262657165527344,1480241
2003-09-04,76.6887435913086,78.22081756591797,74.47575378417969,75.06730651855469,61.20839309692383,1709989
2003-09-05,76.60363006591797,77.28455352783203,75.83759307861328,76.71427917480469,62.551292419433594,1129046
2003-09-08,77.02920532226562,77.60798645019531,73.19902801513672,76.3525390625,62.25634765625,1171178
2003-09-09,77.28455352783203,78.98685455322266,76.60363006591797,77.5101089477539,63.20020294189453,1757137
2003-09-10,77.45478057861328,77.62501525878906,75.83759307861328,77.27178192138672,63.00586700439453,1116757
2003-09-11,76.60363006591797,77.77396392822266,76.51851654052734,77.13985443115234,62.898311614990234,1532253
2003-09-12,77.28455352783203,77.53564453125,74.73109436035156,75.47160339355469,61.53804016113281,1747515
2003-09-15,75.74822235107422,75.74822235107422,73.64588165283203,74.1693344116211,60.476200103759766,770614
2003-09-16,74.3055191040039,77.45478057861328,73.79483032226562,76.33977508544922,62.24594497680664,2283682
2003-09-17,78.47616577148438,78.47616577148438,74.47575378417969,75.02474212646484,61.173683166503906,1961378
2003-09-18,75.41201782226562,75.74396514892578,71.50523376464844,72.22871398925781,58.89384841918945,1163682
2003-09-19,72.3478775024414,74.56086730957031,70.73068237304688,73.66716003417969,60.06673049926758,1520540
2003-09-22,74.05017852783203,74.47575378417969,71.58184051513672,72.27978515625,58.93547821044922,997002
2003-09-23,72.00741577148438,74.3055191040039,71.58184051513672,73.5607681274414,59.97999572753906,1785310
2003-09-24,74.73109436035156,76.6887435913086,73.20753479003906,76.32275390625,62.232059478759766,2388176
2003-09-25,76.43340301513672,77.02920532226562,74.22040557861328,74.71407318115234,60.920372009277344,1207105
2003-09-26,75.326904296875,77.35690307617188,74.9906997680664,76.84620666503906,62.65887451171875,1087468
2003-09-29,76.60363006591797,78.21656036376953,75.0715560913086,77.65054321289062,63.3147087097168,1402887
2003-09-30,78.561279296875,78.73150634765625,77.62501525878906,78.31018829345703,63.85257339477539,1099122
2003-10-01,77.48457336425781,82.47657775878906,77.48457336425781,80.69766998291016,65.79927825927734,3449021
2003-10-02,80.69766998291016,80.69766998291016,80.69766998291016,80.69766998291016,65.79927825927734,0
2003-10-03,80.85939025878906,83.412841796875,78.8166275024414,83.18728637695312,67.82926177978516,2132663
2003-10-06,83.83841705322266,85.37049102783203,82.56169128417969,83.95758056640625,68.45734405517578,1437006
2003-10-07,84.26399230957031,85.48965454101562,81.71479797363281,82.11483764648438,66.9548110961914,1945517
2003-10-08,83.16600799560547,87.24302673339844,83.16600799560547,86.23015594482422,70.31036376953125,3270393
2003-10-09,87.24302673339844,90.44335174560547,86.22164154052734,90.14545440673828,73.50281524658203,5561360
2003-10-10,91.73710632324219,93.62666320800781,89.63475799560547,92.59676361083984,75.50155639648438,3331968
2003-10-13,92.7755126953125,94.60548400878906,90.39228820800781,91.85201263427734,74.89430236816406,1692166
2003-10-14,93.45642852783203,94.20118713378906,90.22205352783203,92.00521850585938,75.01921081542969,2964090
2003-10-15,93.20108795166016,94.90338897705078,91.498779296875,92.96276092529297,75.79998779296875,6654068
2003-10-16,94.05223846435547,96.0098876953125,93.20108795166016,94.01393127441406,76.65711212158203,5266007
2003-10-17,94.47355651855469,95.7545394897461,92.82231903076172,93.16703796386719,75.96656036376953,2999489
2003-10-20,94.3927001953125,99.2442626953125,92.43505096435547,95.4864273071289,77.85774993896484,6033555
2003-10-21,95.83965301513672,97.71218872070312,91.15831756591797,92.7372055053711,75.6160888671875,4898141
2003-10-22,94.47781372070312,95.41407775878906,91.498779296875,92.57974243164062,75.48767852783203,2739242
2003-10-23,93.3713150024414,94.90338897705078,85.54072570800781,86.4557113647461,70.4942855834961,5749470
2003-10-24,91.498779296875,91.498779296875,82.31485748291016,87.11534881591797,71.03213500976562,5150528
2003-10-27,89.2857894897461,91.498779296875,85.11514282226562,85.42156219482422,69.65105438232422,1935871
2003-10-28,86.39187622070312,89.10279083251953,85.56199645996094,87.8856430053711,71.66021728515625,3002661
2003-10-29,88.68997955322266,89.37090301513672,87.11534881591797,88.86021423339844,72.4548568725586,2035900
2003-10-30,88.86021423339844,91.07320404052734,88.12396240234375,89.60922241210938,73.06558990478516,5840605
2003-10-31,89.881591796875,94.3927001953125,89.881591796875,93.49473571777344,76.23374938964844,3726375
2003-11-03,89.37090301513672,101.88282775878906,89.37090301513672,101.0784912109375,82.41740417480469,5315082
2003-11-04,101.28702545166016,106.39392852783203,95.7545394897461,105.72151947021484,86.20321655273438,6822698
2003-11-05,105.11720275878906,107.75577545166016,102.13817596435547,103.80643463134766,84.64170837402344,4453919
2003-11-06,105.03208923339844,105.96835327148438,100.43587493896484,101.2657470703125,82.57008361816406,1894809
2003-11-07,102.56375122070312,103.8404769897461,100.43587493896484,100.62312316894531,82.04610443115234,1573444
2003-11-10,100.8614501953125,106.3088150024414,100.26564025878906,104.10008239746094,84.88113403320312,2401734
2003-11-11,104.86186218261719,107.9260025024414,102.2232894897461,104.63204956054688,85.31488800048828,3992133
2003-11-12,105.86621856689453,106.3088150024414,101.28702545166016,102.82334899902344,83.84011840820312,983326
2003-11-13,104.0958251953125,104.6916275024414,100.8614501953125,102.30415344238281,83.41678619384766,4071237
2003-11-14,102.2232894897461,102.2232894897461,99.58472442626953,100.41033935546875,81.8725814819336,1954916
2003-11-17,102.05306243896484,102.13817596435547,100.43587493896484,101.6742935180664,82.90319061279297,1258894
2003-11-18,100.43587493896484,104.6916275024414,100.01029968261719,101.59343719482422,82.83728790283203,1804672
2003-11-19,101.28702545166016,101.71260070800781,97.88241577148438,98.82719421386719,80.58173370361328,1916462
2003-11-20,99.32937622070312,102.2232894897461,99.16339874267578,100.30394744873047,81.78583526611328,2541204
2003-11-21,98.86124420166016,100.44012451171875,97.88241577148438,99.7038803100586,81.29657745361328,1536730
2003-11-24,101.28702545166016,101.28702545166016,99.16765594482422,99.6230239868164,81.23064422607422,1584500
2003-11-25,100.35075378417969,100.69121551513672,99.41448974609375,99.98050689697266,81.52212524414062,1258553
2003-11-26,99.98050689697266,99.98050689697266,99.98050689697266,99.98050689697266,81.52212524414062,0
2003-11-27,97.88241577148438,104.77674865722656,97.88241577148438,102.56375122070312,83.62844848632812,4657396
2003-11-28,102.13817596435547,106.39392852783203,102.13817596435547,105.4704360961914,85.99848937988281,2486983
2003-12-01,104.26605224609375,108.42818450927734,104.26605224609375,107.68342590332031,87.80291748046875,2558534
2003-12-02,108.52181243896484,112.35198974609375,107.67916870117188,111.40721130371094,90.8392105102539,3482059
2003-12-03,112.86268615722656,112.94779968261719,109.79853820800781,110.69224548339844,90.25625610351562,2074319
2003-12-04,111.75618743896484,111.75618743896484,106.81951141357422,109.61128234863281,89.3748550415039,1849858
2003-12-05,110.05813598632812,111.33061218261719,106.11305236816406,106.84929656982422,87.122802734375,1484248
2003-12-08,109.5431900024414,109.5431900024414,103.8404769897461,105.53852844238281,86.05402374267578,2204284
2003-12-09,106.39818572998047,110.86248016357422,105.96835327148438,110.21134948730469,89.86414337158203,4566566
2003-12-10,110.5645751953125,111.24549865722656,107.67066192626953,109.7304458618164,89.47203063964844,2443043
2003-12-11,110.64968872070312,114.50115203857422,109.96876525878906,113.5861587524414,92.61590576171875,6392281
2003-12-12,113.28826141357422,114.99056243896484,111.93492889404297,113.14781951904297,92.25847625732422,1827982
2003-12-15,113.62872314453125,114.99056243896484,111.9264144897461,112.6115951538086,91.82125854492188,1411675
2003-12-16,112.01153564453125,114.65010070800781,111.07526397705078,113.69255828857422,92.70264434814453,2957804
2003-12-17,112.94779968261719,114.3947525024414,112.52222442626953,112.99887084960938,92.13702392578125,1577533
2003-12-18,112.94779968261719,113.44146728515625,112.1817626953125,112.56478118896484,91.7831039428711,1093201
2003-12-19,113.20314025878906,115.58636474609375,112.86268615722656,113.96917724609375,92.92821502685547,1855791
2003-12-22,115.6714859008789,115.6714859008789,114.0542984008789,114.69265747070312,93.51811218261719,1104339
2003-12-23,115.84171295166016,117.0333251953125,113.37337493896484,113.94364929199219,92.90737915039062,1118003
2003-12-24,114.0542984008789,114.3947525024414,112.60733795166016,113.76065063476562,92.7581787109375,1326426
2003-12-25,113.76065063476562,113.76065063476562,113.76065063476562,113.76065063476562,92.7581787109375,0
2003-12-26,114.13941192626953,116.59923553466797,114.13941192626953,116.13961791992188,94.69795227050781,1147140
2003-12-29,116.52263641357422,117.45890045166016,116.51412200927734,117.10567474365234,95.48563385009766,1139092
2003-12-30,117.88447570800781,118.11003112792969,115.33102416992188,116.42475128173828,94.93042755126953,1547773
2003-12-31,117.02906799316406,121.79977416992188,116.18217468261719,119.84212493896484,97.71686553955078,2584487
2004-01-01,120.5230484008789,121.11885070800781,118.99097442626953,119.28462219238281,97.26231384277344,1172388
2004-01-02,120.2677001953125,125.97041320800781,120.01235961914062,125.34056091308594,102.2001953125,3787516
2004-01-05,126.56622314453125,126.56622314453125,110.64968872070312,124.81285095214844,101.76991271972656,2367827
2004-01-06,136.09912109375,136.09912109375,122.56581115722656,123.02542877197266,100.31249237060547,1280347
2004-01-07,123.41696166992188,124.69368743896484,120.69327545166016,124.2127914428711,101.2806396484375,1397201
2004-01-08,123.41696166992188,126.05553436279297,123.41696166992188,125.21714782714844,102.09957122802734,1869267
2004-01-09,125.28949737548828,125.54483795166016,122.56581115722656,124.2808837890625,101.33616638183594,2044583
2004-01-12,124.35322570800781,124.35322570800781,119.25482940673828,121.11459350585938,98.75442504882812,841648
2004-01-13,120.01235961914062,121.19971466064453,117.0333251953125,119.28887939453125,97.26578521728516,1052879
2004-01-14,119.16120147705078,122.99138641357422,118.31005096435547,121.81253814697266,99.32353210449219,3034195
2004-01-15,121.61251831054688,126.31087493896484,120.09747314453125,124.68092346191406,101.66234588623047,3374452
2004-01-16,125.54483795166016,125.54483795166016,114.16069030761719,116.76947021484375,95.21151733398438,3572713
2004-01-19,114.99481964111328,121.03373718261719,114.99481964111328,118.88032531738281,96.93264770507812,3460089
2004-01-20,119.81658935546875,121.02522277832031,114.90544891357422,116.27154541015625,94.80550384521484,3871731
2004-01-21,116.69286346435547,120.01235961914062,111.94769287109375,113.85852813720703,92.83799743652344,1404603
2004-01-22,114.0542984008789,116.44602966308594,106.60671997070312,108.31327819824219,88.3165054321289,1552896
2004-01-23,108.9473876953125,113.62872314453125,99.15914154052734,109.13038635253906,88.98273468017578,4079144
2004-01-26,109.13038635253906,109.13038635253906,109.13038635253906,109.13038635253906,88.98273468017578,0
2004-01-27,108.9473876953125,113.45848846435547,108.9473876953125,112.60308074951172,91.81431579589844,3415984
2004-01-28,106.4832992553711,113.62872314453125,104.26605224609375,106.6705551147461,86.97705078125,3780619
2004-01-29,106.90462493896484,108.09623718261719,102.39351654052734,105.28743743896484,85.84928131103516,5452155
2004-01-30,105.27892303466797,105.27892303466797,97.03977966308594,98.84847259521484,80.59906768798828,3287934
2004-02-02,98.84847259521484,98.84847259521484,98.84847259521484,98.84847259521484,80.59906768798828,0
2004-02-03,98.73356628417969,103.7468490600586,96.69080352783203,101.60620880126953,82.8476791381836,4074821
2004-02-04,101.4572525024414,104.30860900878906,100.52098846435547,103.6659927368164,84.52717590332031,2628791
2004-02-05,104.18093872070312,106.39392852783203,97.88241577148438,102.77654266357422,83.80195617675781,1900954
2004-02-06,102.13817596435547,104.26605224609375,101.79771423339844,103.47023010253906,84.3675765991211,1261021
2004-02-09,103.7468490600586,110.98163604736328,103.7468490600586,110.23687744140625,89.88495635986328,1642927
2004-02-10,110.64117431640625,114.0542984008789,109.38147735595703,113.20314025878906,92.30359649658203,3481601
2004-02-11,114.22452545166016,118.73562622070312,112.7775650024414,118.2206802368164,96.3947982788086,3554890
2004-02-12,118.30154418945312,119.16120147705078,113.54785919189453,114.53093719482422,93.38626098632812,3190348
2004-02-13,116.18217468261719,116.18217468261719,112.7775650024414,115.0118408203125,93.77836608886719,1435584
2004-02-16,115.24591064453125,115.4161376953125,113.72234344482422,114.7990493774414,93.60487365722656,1097477
2004-02-17,116.69286346435547,118.19940185546875,114.52668762207031,115.17781829833984,93.91371154785156,2551567
2004-02-18,115.75659942626953,116.26728820800781,113.62872314453125,113.87980651855469,92.85533905029297,1274038
2004-02-19,114.0542984008789,115.33102416992188,111.75618743896484,112.57754516601562,91.79350280761719,1397777
2004-02-20,111.9264144897461,113.62872314453125,109.96876525878906,113.24144744873047,92.33482360839844,1515417
2004-02-23,113.20314025878906,114.47987365722656,111.33061218261719,112.42859649658203,91.67206573486328,1333969
2004-02-24,112.34774017333984,114.0542984008789,109.28784942626953,113.14356231689453,92.25502014160156,1465074
2004-02-25,108.9473876953125,112.86268615722656,105.96835327148438,110.066650390625,89.74614715576172,1780047
2004-02-26,109.28784942626953,111.50083923339844,106.41521453857422,107.3599853515625,87.53919219970703,1436136
2004-02-27,110.5645751953125,110.5645751953125,102.2232894897461,106.05773162841797,86.47737121582031,2157665
2004-03-01,106.81951141357422,109.03250122070312,105.54277801513672,108.3005142211914,88.30609130859375,1962799
2004-03-02,108.3005142211914,108.3005142211914,108.3005142211914,108.3005142211914,88.30609130859375,0
2004-03-03,108.52181243896484,113.96917724609375,108.52181243896484,113.37763214111328,92.44586944580078,2684857
2004-03-04,113.45848846435547,114.34368896484375,107.67066192626953,109.16017150878906,89.00703430175781,1221286
2004-03-05,110.21134948730469,111.683837890625,109.47935485839844,110.84545135498047,90.38117218017578,1300814
2004-03-08,113.20314025878906,113.20314025878906,110.67096710205078,111.43700408935547,90.863525390625,943533
2004-03-09,111.50083923339844,111.9264144897461,108.53031921386719,109.97727966308594,89.67327880859375,455735
2004-03-10,110.22411346435547,110.64968872070312,108.26646423339844,109.90918731689453,89.61776733398438,561380
2004-03-11,108.10474395751953,110.64968872070312,107.67066192626953,109.58149719238281,89.35057830810547,564306
2004-03-12,106.90462493896484,111.50083923339844,106.39392852783203,109.39849853515625,89.20134735107422,776606
2004-03-15,110.64968872070312,111.50083923339844,107.41531372070312,109.31338500976562,89.13198852539062,1226608
2004-03-16,105.75982666015625,110.98163604736328,105.54277801513672,110.33901977539062,89.96825408935547,1131173
2004-03-17,111.50083923339844,112.35198974609375,106.47904968261719,108.88355255126953,88.78148651123047,934545
2004-03-18,109.96876525878906,110.13048553466797,105.6449203491211,107.20677947998047,87.41427612304688,1185429
2004-03-19,106.41946411132812,108.52181243896484,105.54277801513672,107.72172546386719,87.83415222167969,886328
2004-03-22,108.35157775878906,110.17304229736328,106.91313171386719,108.89205932617188,88.78842163085938,881535
2004-03-23,108.43669891357422,111.50083923339844,107.3302001953125,110.33901977539062,89.96825408935547,557550
2004-03-24,110.6198959350586,110.6198959350586,104.8788833618164,106.5471420288086,86.87641906738281,968781
2004-03-25,106.84078979492188,109.37296295166016,102.98932647705078,103.92133331298828,84.73538208007812,1623741
2004-03-26,103.8404769897461,105.0959243774414,101.80197143554688,103.56385040283203,84.44390869140625,2282437
2004-03-29,106.39392852783203,106.39392852783203,103.39788055419922,104.5682144165039,85.2628402709961,778968
2004-03-30,105.20231628417969,105.53852844238281,101.72962188720703,102.3594741821289,83.46186828613281,1180553
2004-03-31,103.32978820800781,104.77674865722656,102.1424331665039,103.87452697753906,84.69722747802734,1604344
2004-04-01,104.26605224609375,110.62415313720703,104.26605224609375,109.28784942626953,89.11114501953125,1797529
2004-04-02,108.6920394897461,112.7775650024414,108.6920394897461,112.3009262084961,91.56794738769531,1566771
2004-04-05,113.62872314453125,116.92267608642578,112.7775650024414,114.91395568847656,93.69855499267578,1437840
2004-04-06,116.94821166992188,116.94821166992188,110.658203125,114.78202819824219,93.59098052978516,923619
2004-04-07,114.22452545166016,115.726806640625,112.0200424194336,115.05439758300781,93.81307983398438,808469
2004-04-08,114.99056243896484,115.7523422241211,112.7775650024414,113.45423126220703,92.50833129882812,735685
2004-04-09,113.45423126220703,113.45423126220703,113.45423126220703,113.45423126220703,92.50833129882812,0
2004-04-12,112.7775650024414,114.80330657958984,111.07526397705078,112.36050415039062,91.61653137207031,564294
2004-04-13,111.50083923339844,114.47561645507812,111.07526397705078,113.53935241699219,92.5777359008789,458555
2004-04-14,113.53935241699219,113.53935241699219,113.53935241699219,113.53935241699219,92.5777359008789,0
2004-04-15,113.95215606689453,114.05004119873047,108.95164489746094,109.90918731689453,89.61776733398438,1043515
2004-04-16,110.64968872070312,111.70511627197266,109.54744720458984,110.37306213378906,89.99600982666016,482511
2004-04-19,110.3092269897461,114.05004119873047,110.3092269897461,111.09228515625,90.58243560791016,1435631
2004-04-20,111.07526397705078,112.088134765625,110.23687744140625,111.52637481689453,90.93639373779297,327321
2004-04-21,111.50083923339844,113.5436019897461,110.90503692626953,112.70096588134766,91.89412689208984,977417
2004-04-22,112.7775650024414,112.7775650024414,109.98579406738281,110.56883239746094,90.15562438964844,2981572
2004-04-23,110.64968872070312,111.9264144897461,109.11761474609375,110.7816162109375,90.32911682128906,2925671
2004-04-26,110.7816162109375,110.7816162109375,110.7816162109375,110.7816162109375,90.32911682128906,0
2004-04-27,110.8199234008789,110.8199234008789,100.6061019897461,102.73823547363281,83.77071380615234,2613118
2004-04-28,103.58513641357422,104.52140045166016,100.43587493896484,102.30840301513672,83.42024993896484,1444631
2004-04-29,103.32978820800781,103.32978820800781,95.49919128417969,96.70357513427734,78.85018157958984,2516496
2004-04-30,97.86539459228516,98.07818603515625,93.72454071044922,94.85657501220703,77.34416961669922,926497
2004-05-03,94.47781372070312,95.24385070800781,87.51539611816406,90.69444274902344,73.95043182373047,2397505
2004-05-04,91.7541275024414,94.733154296875,91.08171844482422,93.81816864013672,76.49746704101562,2136082
2004-05-05,94.30757904052734,94.30757904052734,92.52867126464844,93.38407897949219,76.14351654052734,2233445
2004-05-06,96.16309356689453,98.2228775024414,93.37557220458984,97.45258331298828,79.46089935302734,3932978
2004-05-07,96.27374267578125,97.45684051513672,89.20067596435547,93.62666320800781,76.34130859375,2266658
2004-05-10,91.92435455322266,91.92435455322266,84.4342269897461,87.86436462402344,71.64285278320312,4188514
2004-05-11,86.73233032226562,86.73233032226562,82.13611602783203,84.49806213378906,68.89802551269531,2241469
2004-05-12,83.83841705322266,89.11555480957031,81.76161193847656,82.23400115966797,67.0519790649414,4476394
2004-05-13,78.13570404052734,84.26399230957031,77.07601928710938,80.36146545410156,65.52511596679688,3504722
2004-05-14,80.85939025878906,81.71054077148438,74.47575378417969,76.11847686767578,62.065494537353516,4493066
2004-05-17,75.5822525024414,75.5822525024414,61.28290557861328,73.57778930664062,59.99386978149414,3119597
2004-05-18,71.49671936035156,79.774169921875,70.64556884765625,78.57404327392578,64.06771087646484,5439513
2004-05-19,79.15708923339844,82.02972412109375,72.3478775024414,79.81246948242188,65.0774917602539,4145172
2004-05-20,80.00823974609375,82.02972412109375,76.6078872680664,78.63788604736328,64.11976623535156,1829274
2004-05-21,78.3059310913086,79.1145248413086,77.02920532226562,78.49744415283203,64.00525665283203,2221508
2004-05-24,80.68915557861328,83.92353057861328,78.90174102783203,82.99152374267578,67.6696548461914,3392369
2004-05-25,82.56169128417969,82.57020568847656,79.33157348632812,81.8211898803711,66.71537017822266,1404250
2004-05-26,81.28496551513672,82.13611602783203,78.58255767822266,79.90184020996094,65.15037536621094,2351508
2004-05-27,78.8166275024414,79.45498657226562,76.6887435913086,77.69310760498047,63.34941482543945,2886701
2004-05-28,77.88035583496094,80.3401870727539,77.88035583496094,78.76129913330078,64.22039794921875,2600148
2004-05-31,77.88035583496094,79.47201538085938,76.26316833496094,77.08027648925781,62.849727630615234,2140253
2004-06-01,78.29742431640625,80.85939025878906,77.88035583496094,79.64649963378906,64.94217681884766,1794944
2004-06-02,79.15708923339844,83.83841705322266,79.15708923339844,83.10643005371094,67.76333618164062,3306003
2004-06-03,83.32772827148438,85.11514282226562,81.88076782226562,82.6297836303711,67.37469482421875,2220521
2004-06-04,82.55743408203125,83.83841705322266,81.07217407226562,83.14472961425781,67.7945556640625,1058225
2004-06-07,84.26399230957031,85.11514282226562,81.795654296875,83.00428771972656,67.68006134033203,1491050
2004-06-08,83.412841796875,83.412841796875,81.54031372070312,82.199951171875,67.02420043945312,811735
2004-06-09,82.13611602783203,83.23410034179688,81.37433624267578,81.54031372070312,66.48634338378906,1059670
2004-06-10,80.18698120117188,81.52328491210938,80.14442443847656,80.4593505859375,65.60493469238281,1127073
2004-06-11,80.178466796875,81.11048126220703,78.98685455322266,79.36135864257812,64.70967102050781,879126
2004-06-14,78.3059310913086,84.26399230957031,76.69725799560547,80.17420959472656,65.37244415283203,715172
2004-06-15,80.85939025878906,82.34890747070312,79.2507095336914,82.0510025024414,66.90275573730469,603864
2004-06-16,82.13611602783203,82.72766876220703,80.87215423583984,81.26368713378906,66.26079559326172,425834
2004-06-17,81.71054077148438,82.55743408203125,79.15708923339844,80.18698120117188,65.38285827636719,756539
2004-06-18,80.00823974609375,80.66362762451172,77.69310760498047,78.23783874511719,63.7935791015625,1710095
2004-06-21,78.3059310913086,81.28496551513672,77.88461303710938,80.68915557861328,65.79235076904297,1040132
2004-06-22,80.77427673339844,81.96588134765625,78.8166275024414,81.795654296875,66.69453430175781,872547
2004-06-23,80.85939025878906,82.56169128417969,79.07196807861328,79.33157348632812,64.68538665771484,1223800
2004-06-24,79.15708923339844,80.4338150024414,78.64639282226562,79.57840728759766,64.88665008544922,2210805
2004-06-25,79.5826644897461,83.08089447021484,79.5826644897461,82.78298950195312,67.49960327148438,1481545
2004-06-28,83.1574935913086,87.24302673339844,83.1574935913086,86.617431640625,70.62612915039062,1377815
2004-06-29,85.11514282226562,87.24302673339844,84.6938247680664,86.23866271972656,70.31731414794922,843903
2004-06-30,85.96629333496094,87.6686019897461,84.4384765625,84.85128784179688,69.1860580444336,1249577
2004-07-01,85.54072570800781,85.96629333496094,85.11514282226562,85.94501495361328,70.07784271240234,851446
2004-07-02,84.26399230957031,87.6686019897461,84.26399230957031,87.40899658203125,71.27153778076172,1375877
2004-07-05,87.75371551513672,89.1921615600586,87.25153350830078,88.08566284179688,71.82329559326172,1286422
2004-07-06,87.6686019897461,92.60527801513672,87.6686019897461,92.2520523071289,75.22048950195312,3112630
2004-07-07,91.92435455322266,96.06946563720703,91.24343872070312,95.137451171875,77.57318878173828,4706248
2004-07-08,95.7545394897461,97.87390899658203,89.45601654052734,93.0478744506836,75.869384765625,3301950
2004-07-09,92.681884765625,92.681884765625,86.13652801513672,92.04777526855469,75.05392456054688,1277845
2004-07-12,90.2305679321289,93.28620147705078,90.2305679321289,92.13714599609375,75.12679290771484,1033000
2004-07-13,108.09623718261719,108.09623718261719,90.64337158203125,91.4009017944336,74.52648162841797,1915475
2004-07-14,90.22205352783203,91.83924102783203,88.34951782226562,90.06033325195312,73.43339538574219,826503
2004-07-15,90.20503234863281,94.47781372070312,89.80073547363281,93.10746002197266,75.91797637939453,1085083
2004-07-16,91.07320404052734,93.20108795166016,90.34972381591797,92.62229919433594,76.6789779663086,1452937
2004-07-19,92.7755126953125,93.54154205322266,91.26897430419922,91.74136352539062,75.94967651367188,868505
2004-07-20,92.60527801513672,92.60527801513672,89.881591796875,90.18375396728516,74.66019439697266,2391818
2004-07-21,90.22205352783203,91.07320404052734,88.86021423339844,89.8134994506836,74.35368347167969,976253
2004-07-22,90.22205352783203,91.30301666259766,90.22205352783203,90.51570129394531,74.93500518798828,1503375
2004-07-23,89.80073547363281,90.64762878417969,88.94532775878906,89.79647827148438,74.3395767211914,723220
2004-07-26,89.37090301513672,90.66890716552734,88.95809173583984,90.17098236083984,74.64962768554688,1181822
2004-07-27,90.64762878417969,92.34992980957031,89.54113006591797,90.71146392822266,75.09705352783203,1290651
2004-07-28,90.64762878417969,90.98809051513672,89.79647827148438,90.23482513427734,74.70246887207031,1392760
2004-07-29,90.22205352783203,91.19236755371094,89.77945709228516,90.75402069091797,75.13229370117188,1549336
2004-07-30,91.92435455322266,94.28630065917969,90.65614318847656,93.7756118774414,77.6337661743164,2043420
2004-08-02,93.07341003417969,93.115966796875,90.64762878417969,91.09022521972656,75.41062927246094,1324053
2004-08-03,90.22205352783203,91.31153106689453,88.1026840209961,88.43888854980469,73.2156753540039,1712174
2004-08-04,88.68997955322266,89.61773681640625,86.47698974609375,86.97065734863281,72.00016784667969,2389574
2004-08-05,87.24302673339844,88.94532775878906,86.81745147705078,88.3324966430664,73.12759399414062,1211406
2004-08-06,87.83882904052734,90.39228820800781,87.75371551513672,89.67731475830078,74.24092102050781,1682074
2004-08-09,89.37090301513672,94.3927001953125,88.79637908935547,93.63516998291016,77.51751708984375,3221870
2004-08-10,94.47781372070312,100.01029968261719,92.20098114013672,93.9500961303711,77.77822875976562,3260371
2004-08-11,95.32896423339844,97.35470581054688,93.71177673339844,95.39705657958984,78.97611999511719,4102701
2004-08-12,95.7545394897461,96.86103820800781,92.11161041259766,92.86913299560547,76.88331604003906,2313113
2004-08-13,92.34992980957031,95.66942596435547,92.34992980957031,93.45642852783203,77.36953735351562,1706746
2004-08-16,93.62666320800781,95.32896423339844,92.80104064941406,94.3246078491211,78.08826446533203,1311587
2004-08-17,95.32896423339844,96.42694854736328,93.80965423583984,94.41397857666016,78.1622543334961,1327119
2004-08-18,94.56292724609375,95.05659484863281,93.20533752441406,93.82242584228516,77.67253112792969,878222
2004-08-19,94.90338897705078,96.18011474609375,94.21395874023438,96.04818725585938,79.51516723632812,1234034
2004-08-20,95.43109893798828,97.28661346435547,94.9885025024414,96.40141296386719,79.80758666992188,1429252
2004-08-23,96.94615173339844,97.68665313720703,95.66942596435547,96.04818725585938,79.51516723632812,842940
2004-08-24,95.86518859863281,98.13776397705078,95.86518859863281,97.75900268554688,80.9314956665039,1089441
2004-08-25,96.19713592529297,98.73356628417969,96.19713592529297,97.87390899658203,81.02662658691406,987885
2004-08-26,98.30799102783203,101.27851104736328,97.88667297363281,100.44863891601562,83.15815734863281,2253112
2004-08-27,99.58472442626953,99.58472442626953,97.12489318847656,97.8696517944336,81.02310180664062,1875318
2004-08-30,97.88241577148438,101.09976959228516,97.88241577148438,100.41033935546875,83.12644958496094,1910741
2004-08-31,100.01029968261719,100.43587493896484,98.56759643554688,100.30819702148438,83.04188537597656,1656450
2004-09-01,100.43587493896484,101.43171691894531,100.01029968261719,100.70398712158203,83.36954498291016,761239
2004-09-02,100.01029968261719,101.4572525024414,98.90380096435547,99.80602264404297,82.62615203857422,1440166
2004-09-03,99.26128387451172,101.03167724609375,99.26128387451172,100.37628936767578,83.09825897216797,920047
2004-09-06,100.43587493896484,102.56375122070312,100.43587493896484,102.23605346679688,84.63790130615234,1442680
2004-09-07,102.24031066894531,103.0744400024414,101.03167724609375,101.35936737060547,83.91211700439453,1585510
2004-09-08,101.37213897705078,102.0488052368164,100.8614501953125,101.39767456054688,83.9438247680664,838957
2004-09-09,102.13817596435547,102.13817596435547,100.52949523925781,100.94656372070312,83.57036590576172,966608
2004-09-10,100.6061019897461,101.4572525024414,100.21031951904297,100.72100830078125,83.3836441040039,850835
2004-09-13,101.28702545166016,102.39351654052734,100.52098846435547,100.77207946777344,83.4259033203125,708968
2004-09-14,101.201904296875,102.13817596435547,100.09541320800781,101.76366424560547,84.24681854248047,1016799
2004-09-15,102.13817596435547,103.0744400024414,101.57215881347656,102.25308227539062,84.65199279785156,2039907
2004-09-16,102.18073272705078,105.0916748046875,101.38916015625,104.72567749023438,86.698974609375,2275869
2004-09-17,104.78951263427734,105.54703521728516,103.9341049194336,105.10869598388672,87.01607513427734,2007539
2004-09-20,105.11720275878906,106.81951141357422,104.64481353759766,106.49181365966797,88.1611099243164,2750074
2004-09-21,104.77674865722656,110.47520446777344,104.72142028808594,109.3261489868164,90.50755310058594,3401286
2004-09-22,109.88365173339844,110.05388641357422,106.48755645751953,107.3046646118164,88.83404541015625,2859761
2004-09-23,107.24508666992188,109.35594177246094,106.22795867919922,106.8067398071289,88.42181396484375,2503702
2004-09-24,106.81951141357422,108.50479125976562,106.81951141357422,107.2621078491211,88.7988052368164,845184
2004-09-27,108.08772277832031,111.04972839355469,107.46212768554688,110.07941436767578,91.13115692138672,2245076
2004-09-28,108.52181243896484,111.10079956054688,108.52181243896484,109.97727966308594,91.04660034179688,1900531
2004-09-29,109.62831115722656,112.35198974609375,109.37296295166016,111.9689712524414,92.6954574584961,1276776
2004-09-30,112.35198974609375,116.60774993896484,111.50509643554688,115.43315887451172,95.56336212158203,3133437
2004-10-01,114.13941192626953,118.73562622070312,114.13941192626953,117.75254821777344,97.48348999023438,3485772
2004-10-04,118.98246002197266,119.84212493896484,117.45890045166016,118.11428833007812,97.78296661376953,2406962
2004-10-05,118.3951644897461,118.72711944580078,116.22898864746094,116.75244903564453,96.65555572509766,995052
2004-10-06,117.45890045166016,118.31005096435547,114.99481964111328,115.56934356689453,95.67608642578125,1454511
2004-10-07,116.92267608642578,118.31005096435547,116.02045440673828,116.8162841796875,96.70838165283203,1518824
2004-10-08,117.4120864868164,117.70573425292969,115.9693832397461,116.4375228881836,96.39483642578125,925346
2004-10-11,116.60774993896484,117.37378692626953,114.0542984008789,114.30113220214844,94.62618255615234,867836
2004-10-12,115.33102416992188,116.5098648071289,112.52648162841797,113.00737762451172,93.55513000488281,1614213
2004-10-13,113.00737762451172,113.00737762451172,113.00737762451172,113.00737762451172,93.55513000488281,0
2004-10-14,110.64968872070312,110.64968872070312,102.73823547363281,105.34701538085938,87.21336364746094,5203539
2004-10-15,105.54277801513672,107.67066192626953,105.11720275878906,105.91728973388672,87.68547821044922,2067129
2004-10-18,106.73439025878906,107.58554077148438,105.21083068847656,105.7811050415039,87.57273864746094,872770
2004-10-19,107.57703399658203,107.57703399658203,105.20231628417969,106.13007354736328,87.86164855957031,2601910
2004-10-20,107.0748519897461,107.0748519897461,104.47884368896484,105.10869598388672,87.01607513427734,2625936
2004-10-21,104.86186218261719,104.95548248291016,103.67024993896484,104.6618423461914,86.64613342285156,852621
2004-10-22,104.6618423461914,104.6618423461914,104.6618423461914,104.6618423461914,86.64613342285156,0
2004-10-25,103.17658233642578,104.07879638671875,99.92517852783203,103.09146881103516,85.3460693359375,1652338
2004-10-26,102.56375122070312,107.15996551513672,100.52098846435547,106.74290466308594,88.36898040771484,1873838
2004-10-27,106.47904968261719,107.50042724609375,105.55554962158203,106.47053527832031,88.14348602294922,848568
2004-10-28,106.39392852783203,106.90462493896484,104.0277328491211,104.41075134277344,86.43824005126953,1775841
2004-10-29,102.572265625,103.66173553466797,100.18052673339844,101.04869842529297,83.65493774414062,2150674
2004-11-01,100.43587493896484,103.58087921142578,99.59323120117188,103.23616027832031,85.46585083007812,1550440
2004-11-02,103.8404769897461,104.6916275024414,103.67024993896484,104.34265899658203,86.38188171386719,1605331
2004-11-03,102.4105453491211,106.00666046142578,102.4105453491211,105.77259063720703,87.56568145751953,1353754
2004-11-04,106.39392852783203,109.71342468261719,106.39392852783203,108.72183227539062,90.00725555419922,2210887
2004-11-05,108.9473876953125,109.6368179321289,107.69619750976562,109.01122283935547,90.24683380126953,979919
2004-11-08,108.9473876953125,110.67096710205078,108.9473876953125,109.6070327758789,90.74007415771484,1330996
2004-11-09,108.26646423339844,111.9264144897461,108.26646423339844,109.42403411865234,90.58859252929688,2798926
2004-11-10,108.42818450927734,110.47946166992188,108.42818450927734,110.05813598632812,91.1135482788086,2323992
2004-11-11,110.22411346435547,111.50083923339844,109.56021881103516,110.38157653808594,91.38131713867188,1857836
2004-11-12,110.23262786865234,110.99015045166016,109.82833099365234,110.03685760498047,91.09593963623047,116454
2004-11-15,110.03685760498047,110.03685760498047,110.03685760498047,110.03685760498047,91.09593963623047,0
2004-11-16,109.79853820800781,110.22411346435547,108.31327819824219,109.62831115722656,90.75769805908203,1123936
2004-11-17,110.64968872070312,110.8199234008789,108.61544036865234,109.08782958984375,90.31025695800781,869187
2004-11-18,108.77715301513672,110.05388641357422,108.1132583618164,109.70065307617188,90.81759643554688,1539220
2004-11-19,110.22411346435547,110.5645751953125,108.6920394897461,108.98143005371094,90.22216796875,1564163
2004-11-22,107.24508666992188,109.24529266357422,107.24508666992188,108.73885345458984,90.02135467529297,1078867
2004-11-23,109.37296295166016,109.65809631347656,108.09623718261719,109.5134048461914,90.6625747680664,1210125
2004-11-24,109.79853820800781,110.38583374023438,108.99420166015625,109.69640350341797,90.81409454345703,825681
2004-11-25,110.47946166992188,110.64968872070312,108.52181243896484,108.99845886230469,90.23625946044922,1162613
2004-11-26,108.99845886230469,108.99845886230469,108.99845886230469,108.99845886230469,90.23625946044922,0
2004-11-29,110.05388641357422,110.64968872070312,108.86227416992188,109.42403411865234,90.58859252929688,930680
2004-11-30,110.5645751953125,112.69245147705078,110.4964828491211,111.37742614746094,92.20573425292969,4414431
2004-12-01,111.9264144897461,113.27974700927734,111.50083923339844,112.10515594482422,92.80819702148438,2125508
2004-12-02,112.38178253173828,114.6330795288086,112.38178253173828,114.0159912109375,94.39012908935547,1775653
2004-12-03,114.64584350585938,114.64584350585938,111.78172302246094,112.275390625,92.94914245605469,1453149
2004-12-06,112.3690185546875,112.7775650024414,108.7345962524414,110.53052520751953,91.504638671875,2175558
2004-12-07,112.35198974609375,112.35198974609375,111.07526397705078,111.79874420166016,92.55452728271484,900826
2004-12-08,111.1603775024414,112.50945281982422,111.1603775024414,112.16048431396484,92.85400390625,1193771
2004-12-09,111.50083923339844,112.30943298339844,110.24113464355469,110.7135238647461,91.65611267089844,1067283
2004-12-10,109.79853820800781,110.87950134277344,108.86227416992188,109.38147735595703,90.55335998535156,1304045
2004-12-13,109.37296295166016,109.5431900024414,106.3088150024414,107.52596282958984,89.01724243164062,3029237
2004-12-14,108.01112365722656,109.53042602539062,107.58554077148438,108.22390747070312,89.59504699707031,2783593
2004-12-15,108.86227416992188,110.64968872070312,108.77715301513672,110.39859771728516,91.3954086303711,1428723
2004-12-16,110.64968872070312,111.84130096435547,109.88365173339844,110.3517837524414,91.35665893554688,2105911
2004-12-17,110.7560806274414,111.75618743896484,110.22411346435547,110.470947265625,91.4552993774414,1423659
2004-12-20,110.64968872070312,111.33061218261719,109.28784942626953,111.07952117919922,91.95911407470703,771225
2004-12-21,111.5221176147461,112.7775650024414,111.1178207397461,112.22431945800781,92.9068603515625,2088594
2004-12-22,112.1817626953125,114.0542984008789,109.79853820800781,110.46243286132812,91.4482421875,1550805
2004-12-23,110.5645751953125,114.03726959228516,110.5645751953125,113.48402404785156,93.9497299194336,3305016
2004-12-24,114.47987365722656,114.8203353881836,113.28826141357422,113.6074447631836,94.05189514160156,1139409
2004-12-27,111.9391860961914,114.8203353881836,111.9391860961914,112.84565734863281,93.42123413085938,1063958
2004-12-28,113.7989501953125,117.01204681396484,113.03717041015625,116.59923553466797,96.52872467041016,1959768
2004-12-29,116.86309814453125,121.1954574584961,116.86309814453125,120.32302856445312,99.61150360107422,3308294
2004-12-30,121.20396423339844,125.53633117675781,119.58677673339844,123.3403549194336,102.1094741821289,5504190
2004-12-31,124.69368743896484,124.92350006103516,120.43792724609375,121.09331512451172,100.24920654296875,2657787
2005-01-03,121.71466064453125,126.82156372070312,120.4847412109375,122.82540893554688,101.68315124511719,3081178
2005-01-04,126.7364501953125,127.64718627929688,120.4847412109375,121.11885070800781,100.27034759521484,2588058
2005-01-05,120.86351013183594,120.86351013183594,114.90544891357422,116.28005981445312,96.26447296142578,3242301
2005-01-06,110.8199234008789,115.74808502197266,110.74331665039062,112.94779968261719,93.50579071044922,2134132
2005-01-07,112.4371109008789,114.03302001953125,112.35198974609375,112.85842895507812,93.43182373046875,1051328
2005-01-10,113.62872314453125,114.46284484863281,110.3092269897461,110.84545135498047,91.76532745361328,1539831
2005-01-11,110.23262786865234,112.35198974609375,105.25764465332031,106.10453796386719,87.84049224853516,2603496
2005-01-12,106.47904968261719,107.24508666992188,104.26605224609375,105.59810638427734,87.42121887207031,1367723
2005-01-13,105.7130126953125,108.09623718261719,105.54277801513672,107.3982925415039,88.91154479980469,1436771
2005-01-14,103.92559051513672,107.9260025024414,103.92559051513672,106.13858795166016,87.86868286132812,1655757
2005-01-17,106.39392852783203,106.39392852783203,103.67875671386719,105.75982666015625,87.55513000488281,3352493
2005-01-18,108.52181243896484,109.88365173339844,105.11720275878906,109.36019134521484,90.5357437133789,3318915
2005-01-19,109.77300262451172,109.77300262451172,107.67066192626953,108.45797729492188,89.78882598876953,1197624
2005-01-20,107.24508666992188,108.9473876953125,105.73003387451172,107.15145874023438,88.70719146728516,1764550
2005-01-24,107.58554077148438,107.75577545166016,105.03208923339844,105.7385482788086,87.5374984741211,2293422
2005-01-25,108.52181243896484,108.52181243896484,104.01496124267578,106.5216064453125,88.18576049804688,1886667
2005-01-27,108.6920394897461,110.3092269897461,107.24508666992188,108.05368041992188,89.4541244506836,3560987
2005-01-28,109.79853820800781,110.22411346435547,108.52181243896484,109.65809631347656,90.78234100341797,1568334
2005-01-31,114.73521423339844,114.73521423339844,110.24539184570312,110.73480224609375,91.67373657226562,3321641
2005-02-01,111.58595275878906,113.71383666992188,111.09654235839844,113.28400421142578,93.78414154052734,2151802
2005-02-02,113.88406372070312,117.16099548339844,113.45848846435547,116.1991958618164,96.1975326538086,4823019
2005-02-03,116.60774993896484,117.85894012451172,115.75659942626953,116.99076843261719,96.85285949707031,1839273
2005-02-04,117.45890045166016,118.73988342285156,116.22898864746094,118.1270523071289,97.79354095458984,2917671
2005-02-07,118.73137664794922,118.98246002197266,115.33102416992188,116.51412200927734,96.458251953125,1313350
2005-02-08,115.50125122070312,119.33143615722656,115.24591064453125,117.64189910888672,97.39189147949219,2915697
2005-02-09,118.31005096435547,118.71009063720703,116.86309814453125,117.19930267333984,97.02549743652344,940185
2005-02-10,117.11843872070312,117.37378692626953,115.02035522460938,115.66297149658203,95.75360870361328,556140
2005-02-11,115.66297149658203,117.45890045166016,115.66297149658203,116.6545639038086,96.57451629638672,927872
2005-02-14,116.6545639038086,118.73562622070312,116.6545639038086,117.51847839355469,97.28970336914062,1565009
2005-02-15,117.88447570800781,118.13982391357422,115.51827239990234,116.58647155761719,96.51814270019531,1862794
2005-02-16,116.7779769897461,119.33143615722656,116.65030670166016,118.10152435302734,97.77239990234375,3369882
2005-02-17,117.37378692626953,117.37378692626953,114.74372863769531,116.52689361572266,96.46880340576172,1180588
2005-02-18,116.30133819580078,118.82074737548828,116.30133819580078,117.09716033935547,96.94093322753906,1243632
2005-02-21,117.88447570800781,118.31005096435547,114.90544891357422,116.2247314453125,96.21865844726562,1399386
2005-02-22,116.60774993896484,116.60774993896484,115.16930389404297,115.61190032958984,95.71133422851562,786405
2005-02-23,116.01194763183594,117.96958923339844,116.01194763183594,117.15674591064453,96.99024200439453,2814434
2005-02-24,117.2886734008789,117.96958923339844,115.78639221191406,117.01204681396484,96.87047576904297,3367191
2005-02-25,117.45890045166016,119.23780822753906,117.45890045166016,118.63349151611328,98.21281433105469,1735496
2005-02-28,121.2635498046875,121.2635498046875,117.0333251953125,118.57816314697266,98.1670150756836,1974619
2005-03-01,118.31005096435547,118.57816314697266,114.3947525024414,114.96076965332031,95.17227172851562,2375006
2005-03-02,114.90544891357422,116.86309814453125,114.90544891357422,115.96087646484375,96.000244140625,975325
2005-03-03,116.18217468261719,117.45890045166016,116.01194763183594,117.1014175415039,96.94445037841797,1209490
2005-03-04,116.60774993896484,120.01235961914062,116.19068908691406,119.42506408691406,98.86812591552734,2945174
2005-03-07,119.58677673339844,122.1402359008789,119.16120147705078,120.55709075927734,99.80529022216797,2266306
2005-03-08,120.86351013183594,124.18299865722656,119.60380554199219,123.82125854492188,102.50758361816406,2287125
2005-03-09,124.26811218261719,124.3106689453125,121.03373718261719,122.6679458618164,101.55278778076172,1349912
2005-03-10,121.79977416992188,123.24673461914062,121.45931243896484,122.19981384277344,101.16523742675781,810455
2005-03-11,121.71466064453125,122.90201568603516,121.03799438476562,121.62528991699219,100.68961334228516,913080
2005-03-14,121.54442596435547,124.69368743896484,121.03373718261719,123.8808364868164,102.5569076538086,2289510
2005-03-15,124.09788513183594,124.09788513183594,121.2890853881836,122.5019760131836,101.41539764404297,1642398
2005-03-16,122.56581115722656,123.64677429199219,122.1402359008789,122.83818054199219,101.69371795654297,1556303
2005-03-17,122.56581115722656,123.27226257324219,120.01235961914062,120.18258666992188,99.49524688720703,567231
2005-03-18,119.60380554199219,120.25067901611328,117.29718017578125,118.39942169189453,98.0190200805664,844914
2005-03-21,117.45890045166016,118.63349151611328,116.69286346435547,117.28015899658203,97.09242248535156,1154224
2005-03-22,115.75659942626953,115.75659942626953,112.5605239868164,112.82437896728516,93.40364074707031,2377109
2005-03-23,114.47987365722656,114.47987365722656,111.67532348632812,112.66266632080078,93.26976013183594,1233987
2005-03-24,112.35198974609375,112.86268615722656,110.64968872070312,111.79874420166016,92.55452728271484,1333828
2005-03-28,111.79874420166016,114.05004119873047,110.22411346435547,111.06675720214844,91.94854736328125,1414965
2005-03-29,112.7775650024414,112.7775650024414,108.09623718261719,109.17294311523438,90.38070678710938,580989
2005-03-30,108.09623718261719,109.88365173339844,108.09623718261719,109.18144989013672,90.38776397705078,426363
2005-03-31,110.64968872070312,111.58595275878906,107.84088897705078,110.27092742919922,91.2896957397461,1609008
2005-04-01,109.79853820800781,115.92682647705078,109.79853820800781,115.27569580078125,95.43299102783203,842822
2005-04-04,114.90544891357422,117.28441619873047,113.45848846435547,116.73967742919922,96.64497375488281,902518
2005-04-05,116.94821166992188,117.45039367675781,115.1607894897461,116.7779769897461,96.67667388916016,1521562
2005-04-06,116.26728820800781,117.44187927246094,115.34378814697266,116.51837921142578,96.4617691040039,398765
2005-04-07,120.01235961914062,121.70614624023438,115.07567596435547,116.20345306396484,96.20106506347656,341220
2005-04-08,116.60774993896484,116.94821166992188,114.0542984008789,114.57775115966797,94.85520935058594,377347
2005-04-11,114.90544891357422,115.322509765625,112.52222442626953,113.62872314453125,94.06951141357422,688479
2005-04-12,114.47987365722656,115.1607894897461,112.60733795166016,114.05854797363281,94.42536163330078,870761
2005-04-13,114.47987365722656,114.73096466064453,112.78607940673828,113.16909790039062,93.68901824951172,802947
2005-04-15,109.89216613769531,110.64968872070312,105.96835327148438,106.66204833984375,88.30204010009766,1776052
2005-04-18,106.39392852783203,106.39392852783203,102.83612060546875,105.01932525634766,86.94208526611328,1640248
2005-04-19,105.96835327148438,107.15996551513672,105.11720275878906,105.66619873046875,87.47759246826172,1300861
2005-04-20,105.54277801513672,107.41531372070312,105.32147979736328,106.64501953125,88.2879409790039,1390269
2005-04-21,107.65789031982422,108.09623718261719,105.56831359863281,107.57703399658203,89.05951690673828,1090745
2005-04-22,109.36019134521484,109.36019134521484,106.49181365966797,107.32594299316406,88.85163879394531,236397
2005-04-25,108.52181243896484,108.77715301513672,105.54277801513672,106.96420288085938,88.55217742919922,347317
2005-04-26,107.98558807373047,107.98558807373047,106.47904968261719,106.9259033203125,88.52046966552734,189284
2005-04-27,106.13858795166016,107.24933624267578,105.98963165283203,106.70460510253906,88.3372573852539,402901
2005-04-28,105.54277801513672,107.24508666992188,104.5299072265625,105.46617889404297,87.31201934814453,1910247
2005-04-29,105.11720275878906,106.30030822753906,100.35075378417969,100.96784210205078,83.5879898071289,1664615
2005-05-02,104.26605224609375,104.77674865722656,100.6061019897461,102.9510269165039,85.22979736328125,999375
2005-05-03,102.22754669189453,105.54277801513672,102.22754669189453,103.56385040283203,85.73712921142578,1825010
2005-05-04,103.75536346435547,104.42777252197266,102.81909942626953,103.45745849609375,85.64906311035156,619114
2005-05-05,104.18093872070312,104.94697570800781,101.71260070800781,102.22754669189453,84.630859375,1543332
2005-05-06,104.60651397705078,104.60651397705078,102.45735931396484,103.63619995117188,85.79703521728516,1878995
2005-05-09,103.92559051513672,104.68737030029297,103.43192291259766,103.89580535888672,86.01195526123047,1958441
2005-05-10,104.01071166992188,104.6916275024414,101.8189926147461,102.20201110839844,84.60971069335938,1333746
2005-05-11,102.2232894897461,103.61066436767578,100.8614501953125,102.9127197265625,85.19808959960938,785206
2005-05-12,102.98932647705078,104.42351531982422,102.56800842285156,103.30850982666016,85.52574920654297,854724
2005-05-13,101.29978942871094,104.18093872070312,101.29978942871094,103.05741882324219,85.31786346435547,370427
2005-05-16,104.60651397705078,104.6490707397461,102.81909942626953,103.64471435546875,85.80408477783203,366186
2005-05-17,103.7468490600586,104.0702896118164,102.15945434570312,102.82334899902344,85.12409973144531,713139
2005-05-18,102.69142150878906,102.69142150878906,99.66983795166016,100.01880645751953,82.80231475830078,809197
2005-05-19,102.05306243896484,102.05306243896484,98.73356628417969,99.36767578125,82.26325988769531,1204544
2005-05-20,101.96794128417969,101.96794128417969,98.2228775024414,98.81868743896484,81.80877685546875,509180
2005-05-23,99.58472442626953,101.28702545166016,98.30799102783203,98.64845275878906,81.6678237915039,1177123
2005-05-24,98.30799102783203,99.58472442626953,97.92922973632812,99.05274963378906,82.00255584716797,3164536
2005-05-25,99.15914154052734,99.8400650024414,98.39311218261719,98.96337890625,81.9285659790039,1336401
2005-05-26,98.73356628417969,100.34650421142578,98.39311218261719,98.8399658203125,81.82637786865234,2573314
2005-05-27,99.58472442626953,105.27892303466797,98.82293701171875,100.06562042236328,82.84105682373047,2608583
2005-05-30,100.43587493896484,101.28702545166016,96.0098876953125,96.44822692871094,79.84635925292969,2012344
2005-05-31,96.44822692871094,97.88241577148438,95.7545394897461,96.1077651977539,79.56449890136719,1663464
2005-06-01,96.18011474609375,97.00572967529297,94.60548400878906,94.85657501220703,78.52867126464844,1766841
2005-06-02,95.24385070800781,97.3717269897461,90.81786346435547,91.94563293457031,76.1187744140625,1290146
2005-06-03,93.45642852783203,95.32896423339844,91.28173828125,93.086181640625,77.0630111694336,756210
2005-06-06,95.15022277832031,95.66942596435547,91.66901397705078,92.11161041259766,76.25621032714844,1150911
2005-06-07,92.10309600830078,94.4480209350586,92.00947570800781,93.00531768798828,76.99605560302734,1128882
2005-06-08,93.54154205322266,95.31619262695312,93.54154205322266,95.107666015625,78.73651885986328,1480171
2005-06-09,95.32896423339844,97.4398193359375,94.9885025024414,96.73761749267578,80.08592224121094,1281781
2005-06-10,97.03126525878906,97.88241577148438,94.2309799194336,94.48207092285156,78.2186279296875,1106806
2005-06-13,95.32896423339844,95.7545394897461,93.8011474609375,94.35865020751953,78.11644744873047,526616
2005-06-14,94.15011596679688,96.69080352783203,93.88200378417969,95.32470703125,78.91622161865234,817727
2005-06-15,96.0098876953125,97.78878784179688,95.4736557006836,96.39715576171875,79.8040771484375,1099851
2005-06-16,97.88241577148438,97.88241577148438,95.34598541259766,95.56302642822266,79.11351776123047,907723
2005-06-17,95.916259765625,97.28661346435547,95.6353759765625,96.66101837158203,80.02252197265625,1313925
2005-06-20,97.03126525878906,101.11679077148438,96.86103820800781,100.88272857666016,83.51753234863281,2114300
2005-06-21,100.94656372070312,102.55523681640625,100.05711364746094,101.41895294189453,83.9614486694336,1760755
2005-06-22,99.66983795166016,102.13817596435547,99.66983795166016,100.63163757324219,83.30964660644531,975784
2005-06-23,100.50821685791016,102.05306243896484,100.01029968261719,101.6700439453125,84.16932678222656,918731
2005-06-24,101.62748718261719,104.30860900878906,101.62322998046875,102.92974853515625,85.21219635009766,2157230
2005-06-27,102.99358367919922,104.52140045166016,101.11679077148438,101.58493041992188,84.09884643554688,1108897
2005-06-28,102.30840301513672,102.4786376953125,100.69121551513672,101.8870849609375,84.3489990234375,1553519
2005-06-29,100.8614501953125,104.18093872070312,98.30799102783203,103.30850982666016,86.9789810180664,2636158
2005-06-30,104.26605224609375,105.11720275878906,101.2912826538086,102.01475524902344,85.88971710205078,3488991
2005-07-01,102.56375122070312,103.58513641357422,100.8614501953125,101.27425384521484,85.2662582397461,1381328
2005-07-04,101.96794128417969,104.68737030029297,100.18052673339844,104.41925811767578,87.91415405273438,2315980
2005-07-05,104.69588470458984,107.236572265625,103.58513641357422,104.37245178222656,87.874755859375,3132262
2005-07-06,106.30030822753906,107.96855926513672,104.69588470458984,106.98973846435547,90.07831573486328,2363128
2005-07-07,107.20252227783203,109.79853820800781,102.30840301513672,103.12976837158203,86.82848358154297,5101712
2005-07-08,104.01071166992188,106.3088150024414,102.90421295166016,103.56810760498047,87.19752502441406,2492576
2005-07-11,105.4576644897461,105.96835327148438,104.59375,105.32147979736328,88.67377471923828,1086645
2005-07-12,106.05347442626953,106.90462493896484,103.8404769897461,104.73418426513672,88.1792984008789,1345224
2005-07-13,107.24508666992188,107.62384796142578,104.6916275024414,104.81504821777344,88.24738311767578,1061232
2005-07-14,105.44915771484375,106.05347442626953,104.26605224609375,104.77674865722656,88.21513366699219,950829
2005-07-15,106.47904968261719,106.47904968261719,104.78099822998047,105.35127258300781,88.69882202148438,417152
2005-07-18,104.6916275024414,106.81951141357422,104.6916275024414,106.13433074951172,89.35812377929688,443011
2005-07-19,106.39392852783203,106.81951141357422,105.38957214355469,105.62789916992188,88.9317398071289,382646
2005-07-20,105.63214874267578,107.24508666992188,105.63214874267578,106.47479248046875,89.64476776123047,1377898
2005-07-21,106.47479248046875,108.18135070800781,105.97261047363281,106.93441772460938,90.03174591064453,1292437
2005-07-22,107.24508666992188,108.52181243896484,106.22370147705078,107.8962173461914,90.84149932861328,1052715
2005-07-25,108.09623718261719,110.3092269897461,107.9260025024414,108.79418182373047,91.59752655029297,1636970
2005-07-26,108.9473876953125,109.79853820800781,106.47904968261719,109.27933502197266,92.0060043334961,1432083
2005-07-27,109.11761474609375,111.1603775024414,109.03250122070312,110.39009094238281,92.94120025634766,667061
2005-07-28,110.39009094238281,110.39009094238281,110.39009094238281,110.39009094238281,92.94120025634766,0
2005-07-29,110.73480224609375,111.9264144897461,106.02793884277344,107.43659210205078,90.45454406738281,2115075
2005-08-01,108.18135070800781,108.84524536132812,106.39818572998047,107.57703399658203,90.57279205322266,648122
2005-08-02,105.6747055053711,110.22411346435547,105.6747055053711,109.62405395507812,92.29624938964844,830780
2005-08-03,110.64968872070312,112.51371002197266,109.28784942626953,111.63276672363281,93.98744201660156,3004482
2005-08-04,109.79853820800781,113.62872314453125,109.79853820800781,113.51806640625,95.57473754882812,2258328
2005-08-05,113.88406372070312,115.92682647705078,113.88406372070312,114.45433807373047,96.3630142211914,1849518
2005-08-08,114.90544891357422,115.84171295166016,112.44987487792969,113.41167449951172,95.48519134521484,1614518
2005-08-09,114.0542984008789,115.33102416992188,112.35198974609375,114.15643310546875,96.11221313476562,2692963
2005-08-10,115.1607894897461,116.18217468261719,113.90534210205078,115.9821548461914,97.64935302734375,2153330
2005-08-11,116.60774993896484,118.22493743896484,115.85873413085938,117.07162475585938,98.56660461425781,1731289
2005-08-12,117.45890045166016,120.43792724609375,116.26728820800781,119.41654968261719,100.5408706665039,1984887
2005-08-16,119.58677673339844,121.71466064453125,118.73988342285156,121.34014892578125,102.16041564941406,1754153
2005-08-17,121.71466064453125,122.77434539794922,120.44218444824219,122.48494720458984,103.12428283691406,1220781
2005-08-18,123.41696166992188,124.217041015625,120.01235961914062,120.41665649414062,101.38290405273438,1243456
2005-08-19,120.86351013183594,121.20396423339844,118.73988342285156,119.18247985839844,100.34380340576172,716582
2005-08-22,119.58677673339844,120.86351013183594,118.31005096435547,118.73562622070312,99.96759796142578,1447685
2005-08-23,118.73562622070312,119.92723846435547,116.18217468261719,116.82904815673828,98.36238098144531,763694
2005-08-24,117.2886734008789,118.13982391357422,115.60765075683594,116.61200714111328,98.17963409423828,1258448
2005-08-25,117.45890045166016,119.41654968261719,116.6545639038086,117.92703247070312,99.28680419921875,1619746
2005-08-26,118.73562622070312,119.91873168945312,115.46295166015625,116.05024719238281,97.70668029785156,2268468
2005-08-29,116.94821166992188,118.73562622070312,114.99481964111328,118.07173156738281,99.40861511230469,1057062
2005-08-30,123.41696166992188,123.41696166992188,120.01235961914062,120.82095336914062,101.72328186035156,1921937
2005-08-31,120.5230484008789,122.31046295166016,119.2037582397461,122.01256561279297,102.72655487060547,1180028
2005-09-01,123.37440490722656,124.05532836914062,121.37419891357422,121.84233093261719,102.58324432373047,1306582
2005-09-02,122.48069763183594,123.58718872070312,121.0762939453125,121.92744445800781,102.6548843383789,1359007
2005-09-05,122.99138641357422,127.58760070800781,122.56581115722656,125.71507263183594,105.84381866455078,2086840
2005-09-06,127.63015747070312,129.33245849609375,124.60857391357422,125.50228118896484,105.66466522216797,2090223
2005-09-08,126.05553436279297,127.24714660644531,124.90647888183594,125.41716766357422,105.59300994873047,1210948
2005-09-09,125.54483795166016,125.54483795166016,122.56581115722656,122.99138641357422,103.55066680908203,1250045
2005-09-12,123.58718872070312,125.54483795166016,123.58718872070312,124.48090362548828,104.80473327636719,1339183
2005-09-13,125.1192626953125,125.80018615722656,123.7574234008789,124.14044189453125,104.51809692382812,983306
2005-09-14,127.67272186279297,135.3330841064453,127.03435516357422,127.88550567626953,107.67118072509766,9363890
2005-09-15,129.33245849609375,131.6305694580078,129.1196746826172,130.43896484375,109.82103729248047,3967592
2005-09-16,131.84336853027344,132.77963256835938,130.22616577148438,131.2901153564453,110.53763580322266,3186913
2005-09-19,132.26893615722656,136.18423461914062,132.26893615722656,135.97145080566406,114.4790267944336,4091725
2005-09-20,137.88653564453125,139.97186279296875,135.80120849609375,136.73748779296875,115.12397766113281,5561907
2005-09-21,137.88653564453125,139.16326904296875,127.58760070800781,132.26893615722656,111.36174774169922,5759967
2005-09-22,132.69451904296875,133.29031372070312,121.3316421508789,123.11905670166016,103.65814971923828,6766134
2005-09-23,124.77880096435547,128.01318359375,122.99138641357422,124.01277160644531,104.41058349609375,3954452
2005-09-26,125.1192626953125,128.52386474609375,125.1192626953125,128.09829711914062,107.850341796875,3494811
2005-09-27,128.69410705566406,129.71548461914062,126.31087493896484,127.28970336914062,107.1695556640625,2803446
2005-09-28,127.07691192626953,128.52386474609375,123.41696166992188,127.11946868896484,107.0262222290039,1730076
2005-09-29,127.67272186279297,128.26852416992188,124.48090362548828,125.28949737548828,105.48550415039062,3243259
2005-09-30,126.39598846435547,127.07691192626953,123.20417022705078,125.1192626953125,105.34220123291016,2401907
2005-10-03,126.1832046508789,129.75804138183594,125.1192626953125,128.99200439453125,108.6027603149414,3417006
2005-10-04,130.05593872070312,131.67312622070312,129.37501525878906,130.05593872070312,109.49854278564453,2284384
2005-10-05,130.22616577148438,130.43896484375,126.05553436279297,127.16202545166016,107.06206512451172,2192888
2005-10-06,126.82156372070312,126.82156372070312,123.5020751953125,124.26811218261719,104.62556457519531,2800835
2005-10-07,125.88529968261719,125.97041320800781,123.41696166992188,125.07670593261719,105.30635070800781,1358932
2005-10-10,125.80018615722656,125.80018615722656,121.16140747070312,121.54442596435547,102.3324203491211,2047874
2005-10-11,121.71466064453125,122.48069763183594,118.82074737548828,120.22514343261719,101.22164916992188,2391826
2005-10-13,120.86351013183594,120.86351013183594,115.79915618896484,116.4800796508789,98.06857299804688,2840823
2005-10-14,117.45890045166016,117.45890045166016,111.9264144897461,112.4371109008789,94.6646499633789,4252840
2005-10-17,113.96917724609375,114.0542984008789,108.64948272705078,110.26667022705078,92.83729553222656,3919082
2005-10-18,113.5861587524414,113.84150695800781,110.64968872070312,111.24549865722656,93.66136932373047,2339125
2005-10-19,109.79853820800781,111.45828247070312,106.39392852783203,108.01112365722656,90.93826293945312,2346569
2005-10-20,109.5431900024414,111.50083923339844,102.98932647705078,104.56395721435547,88.03596496582031,2664336
2005-10-21,105.88323974609375,106.2662582397461,101.88282775878906,105.4576644897461,88.78842163085938,3082698
2005-10-24,107.0748519897461,107.0748519897461,102.18073272705078,102.98932647705078,86.71023559570312,1574021
2005-10-25,104.56395721435547,105.75556945800781,103.0744400024414,104.22349548339844,87.74932861328125,1871537
2005-10-26,104.6916275024414,105.4576644897461,103.0318832397461,103.45745849609375,87.10436248779297,1416415
2005-10-27,105.20231628417969,105.20231628417969,100.52098846435547,101.32958221435547,85.31283569335938,3423646
2005-10-28,102.05306243896484,102.4786376953125,99.88262176513672,100.43587493896484,84.56041717529297,1317214
2005-10-31,100.43587493896484,100.43587493896484,95.88220977783203,97.58451843261719,82.15975189208984,4469425
2005-11-02,100.43587493896484,102.98932647705078,98.94635772705078,102.73397827148438,86.49525451660156,3350863
2005-11-04,102.73397827148438,102.73397827148438,102.73397827148438,102.73397827148438,86.49525451660156,0
2005-11-07,104.26605224609375,106.5216064453125,103.15955352783203,106.05347442626953,89.2900619506836,2988499
2005-11-08,106.81951141357422,108.30902099609375,105.96835327148438,106.5216064453125,89.68419647216797,2862461
2005-11-09,104.81930541992188,107.67066192626953,104.60651397705078,105.41510772705078,88.75259399414062,2228448
2005-11-10,106.22370147705078,112.13920593261719,105.11720275878906,111.20293426513672,93.62555694580078,5560972
2005-11-11,113.20314025878906,114.8203353881836,110.64968872070312,111.33061218261719,93.7330551147461,4464853
2005-11-14,111.84130096435547,114.69265747070312,110.22411346435547,111.03270721435547,93.48223114013672,6037301
2005-11-16,113.88406372070312,113.88406372070312,110.64968872070312,111.79874420166016,94.12718200683594,2811524
2005-11-17,111.9264144897461,114.56498718261719,110.77735900878906,114.18196868896484,96.13372039794922,3406065
2005-11-18,114.0542984008789,117.45890045166016,114.0542984008789,116.2247314453125,97.85355377197266,5570386
2005-11-21,119.5417709350586,119.5417709350586,113.06168365478516,113.56015014648438,95.61017608642578,5029438
2005-11-22,113.28826141357422,113.28826141357422,111.92880249023438,112.29132080078125,94.54190826416016,1701734
2005-11-23,114.14924621582031,114.14924621582031,112.20069122314453,112.97105407714844,95.11419677734375,1336926
2005-11-24,112.78978729248047,113.6507797241211,112.0194320678711,112.51789855957031,94.73267364501953,2133771
2005-11-25,113.74140930175781,115.10086822509766,112.4272689819336,112.74447631835938,94.9234390258789,3564866
2005-11-28,114.37582397460938,115.82591247558594,114.19456481933594,114.87429809570312,96.71659851074219,3104533
2005-11-29,115.55402374267578,116.4603271484375,113.6507797241211,114.8289794921875,96.67843627929688,2626334
2005-11-30,115.10086822509766,118.54483032226562,113.46952056884766,113.96798706054688,95.95355224609375,2518771
2005-12-01,114.28519439697266,116.86817169189453,114.28519439697266,116.59627532958984,98.16639709472656,2509798
2005-12-02,117.6385269165039,118.7260971069336,115.73528289794922,116.18843841552734,97.8230209350586,2676765
2005-12-05,118.0463638305664,118.0463638305664,114.19456481933594,114.37582397460938,96.29691314697266,974744
2005-12-06,116.0071792602539,116.0071792602539,112.69915771484375,113.46952056884766,95.53385925292969,781926
2005-12-07,114.19456481933594,114.33051300048828,111.92880249023438,112.33663940429688,94.5800552368164,1367683
2005-12-08,112.8351058959961,113.46952056884766,112.11006164550781,112.97105407714844,95.11419677734375,1525653
2005-12-09,114.0133056640625,115.96186065673828,113.10699462890625,115.41807556152344,97.17443084716797,1284831
2005-12-12,115.14618682861328,117.36663818359375,115.14618682861328,116.77753448486328,98.31900787353516,1934768
2005-12-13,117.32131958007812,118.68077850341797,116.052490234375,117.72915649414062,99.12019348144531,1769149
2005-12-14,117.36663818359375,122.7138442993164,116.68690490722656,122.07942962646484,102.78285217285156,4295985
2005-12-15,122.351318359375,124.97960662841797,121.71690368652344,123.75609588623047,104.19448852539062,4640838
2005-12-16,125.07023620605469,128.60482788085938,123.25762939453125,128.06105041503906,107.81896209716797,5705853
2005-12-19,130.5987091064453,133.68014526367188,129.14862060546875,133.0004119873047,111.97759246826172,10307243
2005-12-20,131.4143829345703,133.68014526367188,129.14862060546875,130.41744995117188,109.80290985107422,3762587
2005-12-21,131.4143829345703,132.32069396972656,125.56871032714844,129.10330200195312,108.69647979736328,2401733
2005-12-22,129.60177612304688,130.41744995117188,127.33600616455078,127.92510223388672,107.70452117919922,1061928
2005-12-23,129.10330200195312,129.4658203125,125.52339172363281,126.52032470703125,106.52178955078125,2355956
2005-12-26,125.07023620605469,126.52032470703125,122.80447387695312,123.84672546386719,104.27078247070312,1729843
2005-12-27,123.80140686035156,127.4266357421875,122.44194793701172,126.47501373291016,106.48362731933594,2080020
2005-12-28,125.97654724121094,126.42969512939453,122.57789611816406,123.43888854980469,103.92742156982422,2922253
2005-12-29,124.57176971435547,127.4719467163086,123.98267364501953,126.33906555175781,106.36917114257812,6639094
2005-12-30,126.70159149169922,130.5987091064453,126.52032470703125,129.96429443359375,109.42139434814453,2913298
2006-01-02,131.32374572753906,132.77383422851562,130.87059020996094,132.501953125,111.55791473388672,2938463
2006-01-03,132.77383422851562,134.6317596435547,131.95816040039062,133.77078247070312,112.62619018554688,3002389
2006-01-04,133.8614044189453,135.85528564453125,133.0004119873047,135.13023376464844,113.7707748413086,3843114
2006-01-05,136.8522186279297,136.8522186279297,133.77078247070312,135.58338928222656,114.15228271484375,3608098
2006-01-06,135.03961181640625,140.38681030273438,135.03961181640625,139.7523956298828,117.66232299804688,4953063
2006-01-09,140.20555114746094,140.9759063720703,137.35069274902344,138.57420349121094,116.67036437988281,2769220
2006-01-10,138.3929443359375,138.3929443359375,135.94590759277344,136.8975372314453,115.25871276855469,1686882
2006-01-12,135.85528564453125,137.03347778320312,133.68014526367188,135.4927520751953,114.07598114013672,4703854
2006-01-13,135.94590759277344,138.57420349121094,133.13636779785156,134.58645629882812,113.31292724609375,4913225
2006-01-16,133.68014526367188,136.580322265625,133.49888610839844,135.31149291992188,113.92337799072266,3554758
2006-01-17,135.94590759277344,138.0757293701172,132.54725646972656,133.90672302246094,112.74064636230469,4363990
2006-01-18,133.22698974609375,138.16636657714844,131.18780517578125,137.48663330078125,115.75468444824219,4880843
2006-01-19,138.66482543945312,144.46519470214844,138.211669921875,143.6042022705078,120.9052734375,6009369
2006-01-20,144.32923889160156,145.00897216796875,141.42906188964844,143.2869873046875,120.63821411132812,3696048
2006-01-23,142.29005432128906,144.0120391845703,139.57113647460938,143.2869873046875,120.63821411132812,3149883
2006-01-24,143.64950561523438,145.915283203125,141.47438049316406,142.15411376953125,119.68444061279297,3353571
2006-01-25,141.47438049316406,144.510498046875,140.29617309570312,142.69789123535156,120.14225769042969,5704014
2006-01-27,144.14797973632812,146.18716430664062,143.78546142578125,144.96365356445312,122.04984283447266,3963712
2006-01-30,145.915283203125,147.6825714111328,144.7823944091797,145.37149047851562,122.39327239990234,3326805
2006-01-31,144.73707580566406,149.99365234375,142.51663208007812,149.35923767089844,125.75065612792969,6745145
2006-02-01,149.99365234375,152.98446655273438,144.3745574951172,146.18716430664062,123.07997131347656,5609241
2006-02-02,146.91221618652344,151.8062744140625,146.0059051513672,150.35617065429688,126.59001922607422,3996471
2006-02-03,151.35311889648438,152.16879272460938,146.54969787597656,148.2263641357422,124.79681396484375,3073501
2006-02-06,146.8215789794922,154.29861450195312,146.36842346191406,152.0328369140625,128.0016632080078,4165216
2006-02-07,153.1657257080078,154.88771057128906,150.62806701660156,152.16879272460938,128.1160888671875,3902956
2006-02-08,150.44680786132812,152.25941467285156,148.45294189453125,149.72177124023438,126.05587005615234,2154043
2006-02-10,149.72177124023438,151.2171630859375,147.77320861816406,148.99671936035156,125.4454345703125,2817513
2006-02-13,149.54049682617188,149.54049682617188,146.09654235839844,147.18411254882812,123.91934204101562,2898087
2006-02-14,146.8215789794922,147.18411254882812,143.2869873046875,143.69482421875,120.9815902709961,2300901
2006-02-15,146.73095703125,149.0873565673828,143.1963653564453,147.9544677734375,124.56791687011719,3508040
2006-02-16,148.18104553222656,149.4951934814453,144.46519470214844,145.1902313232422,122.24059295654297,4521369
2006-02-17,142.42599487304688,146.27780151367188,138.57420349121094,139.52581787109375,117.47156524658203,3273370
2006-02-20,139.11798095703125,141.83689880371094,135.6287078857422,139.57113647460938,117.50971221923828,4560737
2006-02-21,141.7915802001953,143.78546142578125,140.06961059570312,140.34149169921875,118.15831756591797,2704486
2006-02-22,140.47744750976562,142.56195068359375,139.97897338867188,141.70095825195312,119.30287170410156,2601195
2006-02-23,141.3837432861328,143.06040954589844,137.89447021484375,139.2086181640625,117.20451354980469,4190687
2006-02-24,141.1118621826172,141.20248413085938,137.93978881835938,138.5288848876953,116.63219451904297,1601271
2006-02-27,139.38987731933594,141.1118621826172,137.75852966308594,140.1602325439453,118.00567626953125,2781679
2006-02-28,141.247802734375,141.247802734375,135.40213012695312,138.98204040527344,117.01373291015625,3607137
2006-03-01,138.8914031982422,145.915283203125,138.1210479736328,144.3745574951172,121.55388641357422,4818892
2006-03-02,145.73402404785156,147.50131225585938,141.83689880371094,144.14797973632812,121.36309814453125,4983711
2006-03-03,144.1026611328125,145.28086853027344,141.9275360107422,143.64950561523438,120.94342803955078,1282173
2006-03-06,144.1026611328125,152.25941467285156,143.51356506347656,151.67031860351562,127.69642639160156,5204601
2006-03-07,149.54049682617188,153.34698486328125,148.0450897216797,151.30780029296875,127.39122772216797,3848619
2006-03-08,151.2171630859375,151.2171630859375,142.4713134765625,143.69482421875,120.9815902709961,4377265
2006-03-09,144.1026611328125,144.1026611328125,136.8522186279297,143.01510620117188,120.40933227539062,2844210
2006-03-10,144.55581665039062,147.2747344970703,143.2869873046875,145.00897216796875,122.08802795410156,2369644
2006-03-13,146.8215789794922,148.6342010498047,143.74014282226562,144.55581665039062,121.70648193359375,2998597
2006-03-14,145.915283203125,146.18716430664062,140.5680694580078,141.3837432861328,119.03582763671875,3797346
2006-03-16,142.51663208007812,144.19329833984375,141.3837432861328,142.01815795898438,119.5699462890625,2323898
2006-03-17,143.74014282226562,147.4106903076172,140.9305877685547,144.55581665039062,121.70648193359375,2860567
2006-03-20,145.00897216796875,148.18104553222656,145.00897216796875,146.8668975830078,123.65229034423828,4127648
2006-03-21,147.546630859375,149.26861572265625,145.28086853027344,146.91221618652344,123.69042205810547,4603159
2006-03-22,147.6372528076172,147.6372528076172,141.83689880371094,143.33230590820312,120.67640686035156,3381997
2006-03-23,144.1026611328125,147.6825714111328,143.1963653564453,145.82464599609375,122.77477264404297,4262829
2006-03-24,140.47744750976562,155.15960693359375,140.47744750976562,153.9360809326172,129.60406494140625,12557375
2006-03-27,154.97833251953125,160.144287109375,154.97833251953125,158.6035614013672,133.5337677001953,8069617
2006-03-28,162.13815307617188,162.13815307617188,155.8846435546875,156.7003173828125,131.9313507080078,4761804
2006-03-29,158.6035614013672,163.1350860595703,156.83627319335938,162.27410888671875,136.62413024902344,5330817
2006-03-30,162.77256774902344,169.38861083984375,162.22879028320312,166.443115234375,140.13414001464844,6047212
2006-03-31,167.89320373535156,169.2979736328125,164.40391540527344,165.58212280273438,139.4092559814453,3471352
2006-04-03,167.8025665283203,169.34329223632812,165.85401916503906,167.57598876953125,141.08795166015625,3703529
2006-04-04,168.7541961669922,170.47616577148438,165.4461669921875,166.5337371826172,140.21046447753906,3478468
2006-04-05,170.29490661621094,171.15589904785156,166.5337371826172,169.6151885986328,142.8048553466797,4515666
2006-04-07,170.47616577148438,176.91094970703125,166.48841857910156,169.20733642578125,142.46142578125,8781164
2006-04-10,168.79949951171875,178.90481567382812,164.85707092285156,176.59373474121094,148.68028259277344,9031245
2006-04-12,176.7296905517578,183.3910369873047,171.38247680664062,173.6935577392578,146.2385711669922,13660660
2006-04-13,174.4639129638672,180.62680053710938,165.08364868164062,173.9654541015625,146.4674835205078,9352923
2006-04-17,177.635986328125,181.8956298828125,175.82337951660156,181.03463745117188,152.4192352294922,4833778
2006-04-18,182.1675262451172,185.52085876464844,177.18283081054688,181.12527465820312,152.4955596923828,4215359
2006-04-19,183.07382202148438,188.8741912841797,182.303466796875,184.70518493652344,155.5095977783203,9847716
2006-04-20,186.60841369628906,199.1607666015625,185.92869567871094,195.1730194091797,164.32281494140625,14640279
2006-04-21,195.76211547851562,195.76211547851562,185.8380584716797,191.3665313720703,161.11798095703125,12658553
2006-04-24,192.1368865966797,195.716796875,191.00399780273438,192.2728271484375,161.88107299804688,5923780
2006-04-25,192.5900421142578,192.5900421142578,185.79273986816406,186.60841369628906,157.1120147705078,7236327
2006-04-26,195.21832275390625,195.21832275390625,187.15220642089844,193.90419006347656,163.2545623779297,5768237
2006-04-27,193.49635314941406,200.9280548095703,193.49635314941406,196.71372985839844,165.62002563476562,8080133
2006-04-28,194.04013061523438,194.85580444335938,183.07382202148438,193.269775390625,162.72039794921875,8082036
2006-05-02,208.4503936767578,217.51345825195312,208.4503936767578,213.84292602539062,180.04168701171875,11186064
2006-05-03,213.8882293701172,217.3321990966797,205.77679443359375,209.4020233154297,176.30271911621094,7352778
2006-05-04,212.98193359375,212.98193359375,201.199951171875,203.82823181152344,171.60997009277344,5389913
2006-05-05,205.2783203125,211.1693115234375,204.14544677734375,208.4050750732422,175.46334838867188,4485181
2006-05-08,208.4503936767578,212.03030395507812,206.32057189941406,207.31752014160156,174.54771423339844,4659421
2006-05-09,207.54409790039062,209.35670471191406,201.92498779296875,207.77066040039062,174.92919921875,3955434
2006-05-10,209.44732666015625,220.95742797851562,209.44732666015625,217.01498413085938,182.7123260498047,9063905
2006-05-11,217.96661376953125,225.21705627441406,214.97579956054688,220.41363525390625,185.57379150390625,10006101
2006-05-12,221.13868713378906,227.7547149658203,218.51039123535156,220.096435546875,185.30674743652344,9405742
2006-05-15,221.13868713378906,221.13868713378906,186.6537322998047,189.9617462158203,159.93528747558594,17413294
2006-05-16,190.32427978515625,199.38734436035156,174.6451873779297,195.94337463378906,164.971435546875,24337057
2006-05-17,201.199951171875,202.87661743164062,195.4449005126953,197.48410034179688,166.2686309814453,9976490
2006-05-18,182.1675262451172,190.32427978515625,170.56680297851562,174.1013946533203,146.58187866210938,14918728
2006-05-19,182.1675262451172,189.23670959472656,167.6666259765625,171.11058044433594,144.06385803222656,13498857
2006-05-22,173.10446166992188,176.3218536376953,149.4498748779297,159.55519104003906,134.33497619628906,11089691
2006-05-23,163.08978271484375,174.28265380859375,151.30780029296875,172.78724670410156,145.47547912597656,8021716
2006-05-24,176.7296905517578,182.80194091796875,164.04139709472656,168.1650848388672,141.58395385742188,13548262
2006-05-25,164.9477081298828,174.01077270507812,155.97528076171875,166.71499633789062,140.3630828857422,13068952
2006-05-26,170.29490661621094,176.59373474121094,164.1320343017578,167.71194458007812,141.20240783691406,8753857
2006-05-29,167.71194458007812,180.3549041748047,167.71194458007812,171.15589904785156,144.10202026367188,6483712
2006-05-30,172.19815063476562,174.01077270507812,167.03221130371094,167.89320373535156,141.3550567626953,4887736
2006-05-31,164.9477081298828,164.9477081298828,155.2049102783203,160.9599609375,135.51773071289062,7558531
2006-06-01,164.04139709472656,165.80870056152344,147.00283813476562,150.94528198242188,127.08599853515625,7618233
2006-06-02,152.25941467285156,164.9023895263672,147.86383056640625,162.9085235595703,137.15821838378906,10479963
2006-06-05,166.76031494140625,166.76031494140625,153.61888122558594,154.3892364501953,129.98556518554688,7455082
2006-06-06,152.16879272460938,152.16879272460938,143.37762451171875,145.915283203125,122.85107421875,7937041
2006-06-07,144.0120391845703,148.54356384277344,133.27230834960938,139.97897338867188,117.85309600830078,7722096
2006-06-08,134.17861938476562,145.46212768554688,125.65933990478516,137.75852966308594,115.983642578125,13904624
2006-06-09,136.4443817138672,146.8215789794922,136.0365447998047,144.60113525390625,121.74463653564453,9178571
2006-06-12,144.1026611328125,146.73095703125,136.8522186279297,138.43824768066406,116.555908203125,5860930
2006-06-13,135.94590759277344,137.12411499023438,131.45970153808594,134.85833740234375,113.5418472290039,7084622
2006-06-14,141.3837432861328,141.3837432861328,127.8797836303711,130.10023498535156,109.53584289550781,7436447
2006-06-15,132.32069396972656,140.74932861328125,127.83447265625,138.57420349121094,116.67036437988281,8628182
2006-06-16,140.61338806152344,158.6035614013672,139.57113647460938,141.3837432861328,119.03582763671875,9053039
2006-06-19,143.1963653564453,146.64031982421875,139.7523956298828,145.2355499267578,122.27880859375,4741969
2006-06-20,145.00897216796875,149.99365234375,140.06961059570312,144.28392028808594,121.4775619506836,8831551
2006-06-21,142.29005432128906,151.30780029296875,142.29005432128906,147.86383056640625,124.49160766601562,8442576
2006-06-22,151.35311889648438,158.15040588378906,150.44680786132812,155.38616943359375,130.824951171875,8344486
2006-06-23,151.35311889648438,156.51905822753906,149.76707458496094,155.25022888183594,130.71044921875,5009394
2006-06-26,157.69725036621094,158.6035614013672,143.74014282226562,145.915283203125,122.85107421875,6993072
2006-06-27,147.72789001464844,148.54356384277344,140.06961059570312,146.27780151367188,123.15628051757812,7870913
2006-06-28,145.46212768554688,150.2655487060547,140.5680694580078,149.3139190673828,125.71250915527344,4809386
2006-06-29,161.32247924804688,161.32247924804688,146.0059051513672,147.2747344970703,123.99567413330078,5017445
2006-06-30,152.25941467285156,160.41616821289062,150.89996337890625,159.0567169189453,133.91531372070312,6805467
2006-07-03,160.41616821289062,162.68194580078125,157.96914672851562,159.69113159179688,134.449462890625,2741119
2006-07-04,160.86932373046875,163.04446411132812,158.83013916015625,160.144287109375,134.83096313476562,4692790
2006-07-05,158.6035614013672,163.58824157714844,157.74256896972656,162.13815307617188,136.50965881347656,4033722
2006-07-06,161.32247924804688,161.41311645507812,157.7878875732422,158.78482055664062,133.68638610839844,1855184
2006-07-07,159.60049438476562,162.59130859375,150.94528198242188,152.80320739746094,128.65023803710938,2624895
2006-07-10,154.07203674316406,157.15347290039062,151.57969665527344,155.92996215820312,131.28277587890625,1962346
2006-07-11,154.5251922607422,156.74563598632812,150.809326171875,152.07815551757812,128.03981018066406,2152681
2006-07-12,152.3500518798828,163.406982421875,149.54049682617188,162.9085235595703,137.15821838378906,5322389
2006-07-13,161.32247924804688,167.3947296142578,159.50987243652344,165.08364868164062,138.98959350585938,6149205
2006-07-14,158.01446533203125,162.13815307617188,156.79095458984375,158.42230224609375,135.0118408203125,4105087
2006-07-17,159.50987243652344,159.50987243652344,150.6733856201172,151.26248168945312,128.91001892089844,3075895
2006-07-18,151.3984375,153.07508850097656,144.23861694335938,145.37149047851562,123.88959503173828,3998942
2006-07-19,146.8215789794922,148.54356384277344,139.616455078125,140.8399658203125,120.02767181396484,3091570
2006-07-20,144.0120391845703,149.99365234375,144.0120391845703,148.81546020507812,126.82460021972656,3541835
2006-07-21,147.72789001464844,147.72789001464844,141.6556396484375,142.69789123535156,121.611083984375,2540125
2006-07-24,142.29005432128906,142.29005432128906,136.8522186279297,140.79464721679688,119.98905181884766,4384563
2006-07-25,143.33230590820312,144.7823944091797,141.247802734375,143.06040954589844,121.91999816894531,3111586
2006-07-26,143.1963653564453,148.27166748046875,141.83689880371094,147.45599365234375,125.66603088378906,3828143
2006-07-27,149.0420379638672,151.35311889648438,146.14186096191406,149.81239318847656,127.67420959472656,6420025
2006-07-28,151.35311889648438,154.57049560546875,145.099609375,147.50131225585938,125.70466613769531,8665657
2006-07-31,149.54049682617188,152.66725158691406,144.9183349609375,145.5980682373047,124.08264923095703,7233437
2006-08-01,146.54969787597656,147.36537170410156,140.5227508544922,142.7885284423828,121.68830871582031,6687600
2006-08-02,145.00897216796875,146.4137420654297,142.29005432128906,145.77932739257812,124.23709869384766,4475565
2006-08-03,146.54969787597656,148.45294189453125,144.19329833984375,145.1902313232422,123.73506927490234,3119283
2006-08-04,147.2747344970703,148.6342010498047,143.51356506347656,144.9183349609375,123.50340270996094,3911815
2006-08-07,145.00897216796875,146.18716430664062,142.65257263183594,143.1963653564453,122.0358657836914,4057466
2006-08-08,144.96365356445312,145.6433868408203,143.1963653564453,145.37149047851562,123.88959503173828,3640185
2006-08-09,142.29005432128906,149.5858154296875,142.29005432128906,148.7701416015625,126.78596496582031,6027580
2006-08-10,148.81546020507812,152.80320739746094,148.67950439453125,151.76095581054688,129.3348388671875,5776289
2006-08-11,152.25941467285156,153.5735626220703,148.7701416015625,150.2655487060547,128.06039428710938,4749909
2006-08-14,150.89996337890625,151.67031860351562,149.177978515625,150.94528198242188,128.6396942138672,4534177
2006-08-16,152.7125701904297,155.56744384765625,152.0328369140625,153.21104431152344,130.5706329345703,6186574
2006-08-17,154.16265869140625,154.70645141601562,148.18104553222656,149.26861572265625,127.21080017089844,6539382
2006-08-18,149.72177124023438,149.72177124023438,144.510498046875,145.86996459960938,124.31436920166016,5786359
2006-08-21,146.0059051513672,147.09347534179688,144.19329833984375,146.18716430664062,124.58470153808594,2823080
2006-08-22,146.8215789794922,150.6733856201172,146.8215789794922,148.99671936035156,126.9791030883789,5073398
2006-08-23,149.0873565673828,150.17491149902344,146.14186096191406,146.77627563476562,125.08675384521484,2456226
2006-08-24,149.99365234375,152.89382934570312,144.60113525390625,152.25941467285156,129.75965881347656,5307950
2006-08-25,154.07203674316406,157.65194702148438,151.625,156.47373962402344,133.35121154785156,8878043
2006-08-28,157.24411010742188,160.41616821289062,157.24411010742188,160.00833129882812,136.3634796142578,4238625
2006-08-29,160.86932373046875,161.32247924804688,157.69725036621094,158.96607971191406,135.47523498535156,4830874
2006-08-30,159.10203552246094,160.41616821289062,156.79095458984375,157.15347290039062,133.9304962158203,2945444
2006-08-31,157.15347290039062,160.37086486816406,155.02365112304688,156.0205841064453,132.96502685546875,7827939
2006-09-01,155.8846435546875,158.1957244873047,155.29554748535156,156.7003173828125,133.54429626464844,2711982
2006-09-04,157.65194702148438,159.69113159179688,156.92689514160156,158.2410430908203,134.8573455810547,2788290
2006-09-05,159.23797607421875,163.04446411132812,157.96914672851562,162.09283447265625,138.13992309570312,4203152
2006-09-06,163.1350860595703,165.67274475097656,162.41004943847656,164.811767578125,140.4571075439453,5328078
2006-09-07,164.67581176757812,166.0352783203125,162.22879028320312,163.6788787841797,139.4916229248047,4406224
2006-09-08,163.76950073242188,169.47923278808594,163.22572326660156,166.76031494140625,142.11769104003906,5896676
2006-09-11,162.63662719726562,167.6666259765625,155.8846435546875,157.74256896972656,134.4325408935547,6163087
2006-09-12,157.69725036621094,157.69725036621094,149.63113403320312,155.83932495117188,132.810546875,9986173
2006-09-13,156.88157653808594,158.1051025390625,154.16265869140625,154.88771057128906,131.99952697753906,4256361
2006-09-14,155.8846435546875,157.0175323486328,153.75482177734375,155.52212524414062,132.54019165039062,4407418
2006-09-15,155.25022888183594,155.25022888183594,151.35311889648438,153.48294067382812,130.80235290527344,5168562
2006-09-18,152.39537048339844,154.7970733642578,152.0328369140625,152.48599243164062,129.95274353027344,3215483
2006-09-19,155.43148803710938,155.8846435546875,150.08428955078125,151.5343780517578,129.1417694091797,5258260
2006-09-20,152.25941467285156,153.1657257080078,148.6342010498047,152.44068908691406,129.9141082763672,3066481
2006-09-21,153.61888122558594,154.97833251953125,152.6219482421875,154.47987365722656,131.6519775390625,2997329
2006-09-22,155.70338439941406,157.5159912109375,152.3047332763672,154.88771057128906,131.99952697753906,3572230
2006-09-25,154.97833251953125,155.8846435546875,152.80320739746094,153.1204071044922,130.493408203125,2461779
2006-09-26,154.07203674316406,154.43455505371094,151.76095581054688,153.48294067382812,130.80235290527344,2379577
2006-09-27,154.6611328125,155.7940216064453,153.61888122558594,154.2532958984375,131.4588623046875,3426325
2006-09-28,154.07203674316406,155.476806640625,153.25636291503906,154.07203674316406,131.30441284179688,5399588
2006-09-29,155.11428833007812,157.24411010742188,154.5251922607422,155.38616943359375,132.4243621826172,3421530
2006-10-03,155.3408660888672,158.2410430908203,155.3408660888672,156.0205841064453,132.96502685546875,3417966
2006-10-04,155.0689697265625,156.6096954345703,152.3500518798828,155.70338439941406,132.69468688964844,5715628
2006-10-05,155.43148803710938,157.06283569335938,155.43148803710938,156.0205841064453,132.96502685546875,3269772
2006-10-06,156.79095458984375,161.32247924804688,156.47373962402344,159.60049438476562,136.01593017578125,6454287
2006-10-09,157.69725036621094,162.27410888671875,157.69725036621094,160.50680541992188,136.78829956054688,2706257
2006-10-10,162.09283447265625,162.22879028320312,158.87545776367188,159.37391662597656,135.8228302001953,2101548
2006-10-11,160.2802276611328,160.37086486816406,154.43455505371094,155.02365112304688,132.11538696289062,1932245
2006-10-12,155.15960693359375,159.91770935058594,154.61581420898438,158.69419860839844,135.2435302734375,2058871
2006-10-13,160.50680541992188,161.4584197998047,157.96914672851562,158.87545776367188,135.3979949951172,2973023
2006-10-16,160.41616821289062,165.67274475097656,159.96302795410156,165.12896728515625,140.72743225097656,5818907
2006-10-17,165.7633819580078,167.21347045898438,164.9477081298828,166.26185607910156,141.69288635253906,4137219
2006-10-18,166.8509521484375,170.61212158203125,163.63356018066406,170.0230255126953,144.8982696533203,10036820
2006-10-19,171.29185485839844,172.37940979003906,167.7572479248047,169.0260772705078,144.0486297607422,8311349
2006-10-20,168.57293701171875,172.19815063476562,168.57293701171875,170.15896606445312,145.0141143798828,3701017
2006-10-23,170.20428466796875,170.3855438232422,165.89932250976562,166.71499633789062,142.07911682128906,3577624
2006-10-26,166.8509521484375,171.7449951171875,166.76031494140625,170.34022521972656,145.16860961914062,7047140
2006-10-27,171.29185485839844,172.19815063476562,166.76031494140625,169.11671447753906,144.12588500976562,6338047
2006-10-30,169.47923278808594,173.46697998046875,168.66355895996094,170.56680297851562,145.36170959472656,2668490
2006-10-31,170.3855438232422,174.373291015625,169.11671447753906,171.06527709960938,145.78652954101562,3895112
2006-11-01,171.83563232421875,174.6451873779297,171.83563232421875,173.01382446289062,147.44711303710938,4216400
2006-11-02,173.92013549804688,173.92013549804688,170.8386993408203,171.38247680664062,146.0568389892578,2380361
2006-11-03,171.38247680664062,172.4700469970703,168.30104064941406,169.20733642578125,144.203125,1789249
2006-11-06,169.38861083984375,170.88400268554688,168.52761840820312,169.75112915039062,144.66656494140625,1572384
2006-11-07,170.8386993408203,173.5576171875,166.35247802734375,172.741943359375,147.21542358398438,4546852
2006-11-08,174.01077270507812,174.373291015625,168.84481811523438,170.47616577148438,145.28445434570312,2959020
2006-11-09,170.3855438232422,171.2012176513672,164.5398712158203,165.67274475097656,141.1908416748047,6855296
2006-11-10,166.48841857910156,169.47923278808594,165.85401916503906,166.80563354492188,142.1563262939453,4772935
2006-11-13,166.66969299316406,167.57598876953125,163.49761962890625,164.85707092285156,140.4957275390625,2659167
2006-11-14,165.40086364746094,165.67274475097656,160.59744262695312,161.73031616210938,137.83099365234375,5284298
2006-11-15,161.41311645507812,162.95382690429688,159.60049438476562,160.91464233398438,137.13584899902344,4344511
2006-11-16,161.86627197265625,162.09283447265625,158.05978393554688,159.0567169189453,135.55247497558594,3201764
2006-11-17,159.4645538330078,161.0959014892578,157.4253692626953,158.37698364257812,134.97320556640625,3942930
2006-11-20,160.41616821289062,160.41616821289062,152.3047332763672,154.7970733642578,131.9222869873047,2675345
2006-11-21,155.8846435546875,159.32861328125,155.0689697265625,158.55824279785156,135.12765502929688,4118999
2006-11-22,159.50987243652344,159.96302795410156,157.28941345214844,158.55824279785156,135.12765502929688,2254982
2006-11-23,159.50987243652344,161.14122009277344,157.8332061767578,158.6035614013672,135.16629028320312,2779871
2006-11-24,158.512939453125,162.00221252441406,157.47067260742188,161.14122009277344,137.32899475097656,2142332
2006-11-27,161.54905700683594,164.9023895263672,161.0505828857422,163.22572326660156,139.10543823242188,4382977
2006-11-28,161.32247924804688,162.22879028320312,159.0567169189453,160.144287109375,136.47935485839844,4559479
2006-11-29,161.32247924804688,162.8632049560547,158.96607971191406,159.60049438476562,136.01593017578125,4918075
2006-11-30,160.41616821289062,160.86932373046875,155.15960693359375,156.92689514160156,133.73739624023438,10282845
2006-12-01,157.8332061767578,158.512939453125,155.0689697265625,155.7487030029297,132.7333221435547,3993177
2006-12-04,156.11122131347656,158.6035614013672,154.97833251953125,157.24411010742188,134.0077362060547,2928543
2006-12-05,159.50987243652344,160.37086486816406,157.24411010742188,159.0113983154297,135.5138397216797,2849814
2006-12-06,160.41616821289062,163.1350860595703,159.64581298828125,161.2318572998047,137.40623474121094,2368987
2006-12-07,160.50680541992188,166.66969299316406,160.50680541992188,166.1712188720703,141.61563110351562,4163005
2006-12-08,167.7572479248047,167.7572479248047,161.32247924804688,162.59130859375,138.56475830078125,3196344
2006-12-11,163.1350860595703,163.1350860595703,154.07203674316406,157.47067260742188,134.20082092285156,3382896
2006-12-12,157.69725036621094,160.77870178222656,146.91221618652344,151.8968963623047,129.45068359375,4876295
2006-12-13,153.80014038085938,153.80014038085938,148.18104553222656,152.57662963867188,130.0299835205078,4492530
2006-12-14,152.48599243164062,156.6096954345703,151.85157775878906,155.25022888183594,132.3085174560547,1941217
2006-12-15,155.43148803710938,162.22879028320312,155.43148803710938,161.27716064453125,137.4447784423828,3436521
2006-12-18,156.0205841064453,162.22879028320312,156.0205841064453,159.64581298828125,136.05450439453125,2860714
2006-12-19,162.0475311279297,162.0475311279297,152.3500518798828,155.476806640625,132.50160217285156,3354269
2006-12-20,155.43148803710938,157.60662841796875,153.1657257080078,154.2532958984375,131.4588623046875,3269961
2006-12-21,153.25636291503906,155.83932495117188,151.44374084472656,154.9330291748047,132.0381622314453,3053546
2006-12-22,158.6035614013672,158.6035614013672,153.5282440185547,155.38616943359375,132.4243621826172,2107512
2006-12-26,158.42230224609375,158.42230224609375,155.0689697265625,157.65194702148438,134.3553009033203,1174931
2006-12-27,158.15040588378906,159.8723907470703,157.923828125,158.46762084960938,135.05043029785156,1981539
2006-12-28,158.6035614013672,160.9599609375,157.0175323486328,158.28636169433594,134.89596557617188,7436866
2006-12-29,160.86932373046875,160.86932373046875,157.5159912109375,157.87852478027344,134.54837036132812,1261500
2007-01-02,159.96302795410156,162.22879028320312,157.87852478027344,161.3677978515625,137.52206420898438,1737983
2007-01-03,163.1350860595703,163.8148193359375,160.46148681640625,162.41004943847656,138.41030883789062,6568517
2007-01-04,162.22879028320312,162.41004943847656,156.51905822753906,158.42230224609375,135.0118408203125,5541476
2007-01-05,157.56130981445312,158.15040588378906,153.61888122558594,155.0689697265625,132.1540069580078,5296083
2007-01-08,154.16265869140625,154.16265869140625,149.99365234375,151.3984375,129.02590942382812,5202449
2007-01-09,151.35311889648438,153.07508850097656,147.9544677734375,149.94833374023438,127.79005432128906,2533966
2007-01-10,150.89996337890625,152.12347412109375,147.72789001464844,149.3139190673828,127.24940490722656,1802655
2007-01-11,152.6219482421875,153.61888122558594,149.54049682617188,152.44068908691406,129.9141082763672,1633897
2007-01-12,154.07203674316406,156.51905822753906,153.9360809326172,154.47987365722656,131.6519775390625,2667385
2007-01-15,155.43148803710938,157.69725036621094,154.29861450195312,156.1565399169922,133.08087158203125,1688998
2007-01-16,154.84239196777344,156.74563598632812,152.98446655273438,153.845458984375,131.11131286621094,1770805
2007-01-17,153.07508850097656,154.97833251953125,151.8968963623047,152.3500518798828,129.83688354492188,2099759
2007-01-18,151.8968963623047,153.1657257080078,151.17185974121094,151.57969665527344,129.18035888671875,2301823
2007-01-19,154.07203674316406,154.07203674316406,149.76707458496094,150.3108673095703,128.09902954101562,3264687
2007-01-22,149.99365234375,151.98753356933594,148.7701416015625,149.177978515625,127.13356018066406,2566636
2007-01-23,149.54049682617188,150.12960815429688,148.40762329101562,149.40455627441406,127.32661437988281,3621809
2007-01-24,150.44680786132812,154.16265869140625,149.99365234375,153.1657257080078,130.53201293945312,3102283
2007-01-25,154.07203674316406,160.2349090576172,154.07203674316406,159.0113983154297,135.5138397216797,9234327
2007-01-29,158.78482055664062,165.7633819580078,158.78482055664062,164.04139709472656,139.80052185058594,6531435
2007-01-31,163.49761962890625,164.44923400878906,158.15040588378906,159.64581298828125,136.05450439453125,5586482
2007-02-01,160.32554626464844,166.48841857910156,159.50987243652344,165.85401916503906,141.34532165527344,1949576
2007-02-02,141.20248413085938,168.93545532226562,141.20248413085938,166.89627075195312,142.23353576660156,5446076
2007-02-05,162.22879028320312,163.58824157714844,158.69419860839844,161.3677978515625,137.52206420898438,4713242
2007-02-06,161.3677978515625,163.86013793945312,157.74256896972656,158.1051025390625,134.7415008544922,4169948
2007-02-07,158.6035614013672,165.67274475097656,158.37698364257812,164.9477081298828,140.57296752929688,4062061
2007-02-08,164.9023895263672,165.85401916503906,158.2410430908203,158.6035614013672,135.16629028320312,5160330
2007-02-09,158.6035614013672,163.08978271484375,156.06590270996094,157.47067260742188,134.20082092285156,3323042
2007-02-12,156.79095458984375,156.79095458984375,133.9973602294922,135.2208709716797,115.23890686035156,21157804
2007-02-13,127.83447265625,137.75852966308594,125.07023620605469,129.42050170898438,110.29570007324219,13585872
2007-02-14,127.78915405273438,135.94590759277344,124.6170883178711,132.72853088378906,113.1148910522461,10763482
2007-02-15,131.4143829345703,137.75852966308594,131.4143829345703,137.39599609375,117.09263610839844,6605248
2007-02-19,136.8522186279297,138.43824768066406,133.4082489013672,134.6317596435547,114.73686981201172,5068688
2007-02-20,134.2239227294922,136.62564086914062,132.9097900390625,134.49581909179688,114.62102508544922,5390196
2007-02-21,132.9097900390625,136.8975372314453,132.9097900390625,136.0818634033203,115.9726791381836,4653534
2007-02-22,135.03961181640625,137.12411499023438,131.45970153808594,133.18167114257812,113.50106811523438,10749280
2007-02-23,134.58645629882812,135.6740264892578,128.33294677734375,130.46275329589844,111.1839370727539,6570750
2007-02-26,130.50807189941406,132.32069396972656,129.60177612304688,131.8222198486328,112.34249877929688,2529366
2007-02-27,131.8222198486328,133.22698974609375,128.69546508789062,130.1455535888672,110.9135971069336,3105734
2007-02-28,124.20924377441406,131.4143829345703,120.53871154785156,126.11248779296875,107.47652435302734,3507768
2007-03-01,127.78915405273438,132.32069396972656,121.71690368652344,124.25456237792969,105.89313507080078,4186604
2007-03-02,125.25149536132812,130.41744995117188,123.34825897216797,124.79834747314453,106.35655975341797,4124286
2007-03-05,125.07023620605469,125.52339172363281,119.40582275390625,121.71690368652344,103.73047637939453,4699619
2007-03-06,114.421142578125,125.07023620605469,114.421142578125,118.00105285644531,100.56372833251953,4876968
2007-03-07,120.99185943603516,120.99185943603516,113.28826141357422,114.73834991455078,97.78315734863281,3530061
2007-03-08,108.75672912597656,121.44501495361328,108.75672912597656,119.9496078491211,102.22432708740234,2627851
2007-03-09,120.53871154785156,120.99185943603516,115.1915054321289,116.32438659667969,99.13482666015625,2336598
2007-03-12,116.0071792602539,119.26988220214844,116.0071792602539,116.55096435546875,99.32791900634766,2179088
2007-03-13,136.8522186279297,136.8522186279297,116.0071792602539,118.13699340820312,100.67958068847656,2264225
2007-03-14,116.0071792602539,119.17925262451172,113.28826141357422,116.09780883789062,98.94172668457031,2288740
2007-03-15,117.81979370117188,120.04023742675781,116.91348266601562,118.4542007446289,100.94990539550781,3706995
2007-03-16,116.8228530883789,119.08861541748047,116.73222351074219,117.54789733886719,101.49769592285156,3604384
2007-03-19,117.81979370117188,119.17925262451172,115.91654968261719,116.73222351074219,100.79338836669922,1898702
2007-03-20,117.81979370117188,121.8981704711914,117.14006042480469,120.90122985839844,104.39318084716797,3289726
2007-03-21,120.53871154785156,122.7138442993164,119.85897827148438,121.39969635009766,104.82356262207031,2685793
2007-03-22,122.351318359375,124.16393280029297,121.71690368652344,123.07636260986328,106.27129364013672,2008218
2007-03-23,125.79528045654297,128.2423095703125,112.88042449951172,122.80447387695312,106.03653717041016,2791446
2007-03-26,122.84978485107422,123.5295181274414,119.85897827148438,120.62934112548828,104.15840148925781,2813815
2007-03-28,120.44807434082031,120.44807434082031,117.41194915771484,117.9104232788086,101.81073760986328,1761536
2007-03-29,118.18231201171875,118.68077850341797,115.14618682861328,115.91654968261719,100.08909606933594,3562966
2007-03-30,116.4603271484375,118.7260971069336,116.4603271484375,118.09168243408203,101.96722412109375,3046473
2007-04-02,117.81979370117188,117.81979370117188,115.10086822509766,115.5993423461914,99.8152084350586,2449771
2007-04-03,116.0071792602539,117.72915649414062,114.64772033691406,116.95880126953125,100.98905181884766,1828359
2007-04-04,117.9104232788086,120.44807434082031,117.50257873535156,118.27294158935547,102.12373352050781,1041669
2007-04-05,119.36051177978516,120.7652816772461,117.9104232788086,119.9496078491211,103.57146453857422,1181390
2007-04-09,119.63240051269531,123.71077728271484,119.63240051269531,123.21231079101562,106.38868713378906,1959966
2007-04-10,123.25762939453125,124.3451919555664,121.9434814453125,123.62014770507812,106.74083709716797,1565869
2007-04-11,124.16393280029297,129.82833862304688,123.80140686035156,128.83140563964844,111.24053192138672,5489765
2007-04-12,127.78915405273438,130.73464965820312,126.20311737060547,127.018798828125,109.67543029785156,5226583
2007-04-13,127.33600616455078,128.46888732910156,125.38744354248047,126.97348022460938,109.63629150390625,1996482
2007-04-16,128.28762817382812,132.13941955566406,128.19699096679688,130.9612274169922,113.07955169677734,2282009
2007-04-17,131.7769012451172,132.32069396972656,129.51113891601562,129.96429443359375,112.21874237060547,2495625
2007-04-18,130.50807189941406,133.4082489013672,130.41744995117188,131.64096069335938,113.6664810180664,1617819
2007-04-19,130.5987091064453,132.32069396972656,128.87672424316406,131.8222198486328,113.8229751586914,3080859
2007-04-20,132.501953125,134.17861938476562,131.59564208984375,133.317626953125,115.11421203613281,3309321
2007-04-23,133.68014526367188,135.53807067871094,132.45663452148438,134.2239227294922,115.89674377441406,2856504
2007-04-24,133.22698974609375,135.85528564453125,131.32374572753906,134.6770782470703,116.28802490234375,2308330
2007-04-25,134.13330078125,135.7646484375,132.77383422851562,135.4927520751953,116.99234008789062,2504097
2007-04-26,136.39906311035156,137.57725524902344,133.4535675048828,134.49581909179688,116.13153076171875,4338603
2007-04-27,131.5050048828125,135.4927520751953,127.4266357421875,134.04266357421875,115.74024200439453,2882402
2007-04-30,133.95204162597656,135.58338928222656,131.64096069335938,132.36599731445312,114.29251861572266,2993901
2007-05-03,132.32069396972656,134.6770782470703,131.18780517578125,132.2300567626953,114.17513275146484,2134904
2007-05-04,134.58645629882812,136.21780395507812,126.88285064697266,134.49581909179688,116.13153076171875,2957344
2007-05-07,135.2661895751953,136.8522186279297,130.6893310546875,131.32374572753906,113.39258575439453,2293415
2007-05-08,132.41131591796875,135.40213012695312,130.6893310546875,131.23312377929688,113.31431579589844,1990872
2007-05-09,127.4266357421875,133.95204162597656,127.4266357421875,131.18780517578125,113.27519226074219,1674389
2007-05-10,108.75672912597656,135.85528564453125,108.75672912597656,132.77383422851562,114.64466094970703,3211928
2007-05-11,127.018798828125,133.0004119873047,127.018798828125,131.0065460205078,113.1186752319336,2151389
2007-05-14,108.75672912597656,134.31455993652344,108.75672912597656,132.86447143554688,114.72290802001953,4219368
2007-05-15,133.0457305908203,133.95204162597656,131.45970153808594,132.04879760742188,114.01863861083984,1761073
2007-05-16,133.95204162597656,135.94590759277344,132.41131591796875,135.03961181640625,116.60107421875,2605413
2007-05-17,136.8522186279297,136.8522186279297,133.68014526367188,134.90365600585938,116.48365783691406,3151142
2007-05-18,135.03961181640625,135.03961181640625,132.41131591796875,133.13636779785156,114.95767974853516,938500
2007-05-21,134.948974609375,135.85528564453125,132.77383422851562,133.8160858154297,115.54460144042969,1635701
2007-05-22,134.58645629882812,135.40213012695312,132.41131591796875,132.9097900390625,114.76206970214844,901890
2007-05-23,133.0457305908203,134.948974609375,130.281494140625,131.14248657226562,113.2360610961914,3217119
2007-05-24,131.4143829345703,132.1847381591797,129.3298797607422,130.23617553710938,112.4534912109375,1184609
2007-05-25,129.60177612304688,132.77383422851562,128.7860870361328,130.64402770996094,112.80565643310547,1537285
2007-05-28,133.18167114257812,133.18167114257812,129.7830352783203,130.50807189941406,112.68828582763672,1714578
2007-05-29,131.32374572753906,132.6378936767578,130.281494140625,131.05186462402344,113.15782928466797,2036980
2007-05-30,130.50807189941406,130.91590881347656,126.88285064697266,127.10942840576172,109.75369262695312,2924176
2007-05-31,127.33600616455078,129.60177612304688,126.42969512939453,127.4266357421875,110.02757263183594,3332219
2007-06-01,128.2423095703125,128.69546508789062,126.97348022460938,127.74384307861328,110.30148315429688,2157120
2007-06-04,129.14862060546875,141.74627685546875,128.69546508789062,132.9097900390625,114.76206970214844,17979337
2007-06-05,133.22698974609375,134.13330078125,131.4143829345703,132.45663452148438,114.37077331542969,4284360
2007-06-06,132.54725646972656,135.94590759277344,131.59564208984375,134.90365600585938,116.48365783691406,5367757
2007-06-07,135.03961181640625,139.79771423339844,133.22698974609375,138.66482543945312,119.73126983642578,7075274
2007-06-08,137.57725524902344,145.00897216796875,135.31149291992188,143.01510620117188,123.48758697509766,8663768
2007-06-11,144.0120391845703,147.72789001464844,142.4713134765625,145.82464599609375,125.91349792480469,7374068
2007-06-12,146.8215789794922,147.72789001464844,138.6195068359375,144.46519470214844,124.73966979980469,5110938
2007-06-13,143.1963653564453,146.8215789794922,142.51663208007812,145.326171875,125.48306274414062,3349347
2007-06-14,146.0512237548828,149.0873565673828,144.7823944091797,148.67950439453125,128.37852478027344,4080491
2007-06-15,149.0873565673828,150.44680786132812,144.6917724609375,145.915283203125,125.99176025390625,5024128
2007-06-18,146.91221618652344,148.2263641357422,145.82464599609375,146.4137420654297,126.42213439941406,2585506
2007-06-19,146.77627563476562,147.6372528076172,144.23861694335938,146.59500122070312,126.57865905761719,3036283
2007-06-20,148.6342010498047,149.94833374023438,146.8215789794922,147.45599365234375,127.32209014892578,2617143
2007-06-21,147.50131225585938,152.6219482421875,146.36842346191406,151.2171630859375,130.5697021484375,5595594
2007-06-22,152.25941467285156,154.70645141601562,150.76402282714844,154.07203674316406,133.03477478027344,6198002
2007-06-25,154.07203674316406,155.83932495117188,152.48599243164062,155.25022888183594,134.05210876464844,8993899
2007-06-26,154.88771057128906,155.7940216064453,153.48294067382812,154.2532958984375,133.19126892089844,7273779
2007-06-27,154.07203674316406,155.97528076171875,149.54049682617188,153.845458984375,132.83912658691406,8900610
2007-06-28,154.07203674316406,155.8846435546875,148.81546020507812,153.1657257080078,132.252197265625,7662432
2007-06-29,154.61581420898438,154.61581420898438,144.14797973632812,145.14491271972656,125.32657623291016,3958552
2007-07-02,146.27780151367188,148.54356384277344,142.83383178710938,143.51356506347656,123.91797637939453,2162763
2007-07-03,145.00897216796875,145.915283203125,142.51663208007812,142.7885284423828,123.29195404052734,1689051
2007-07-04,142.7885284423828,144.32923889160156,140.61338806152344,141.9275360107422,122.54851531982422,1631318
2007-07-05,143.1963653564453,144.28392028808594,139.79771423339844,140.43212890625,121.25729370117188,1473604
2007-07-06,140.38681030273438,142.24473571777344,139.57113647460938,139.93365478515625,120.82686614990234,2101501
2007-07-09,140.8399658203125,141.56500244140625,139.7523956298828,140.06961059570312,120.94424438476562,3585044
2007-07-10,140.5680694580078,141.20248413085938,139.16329956054688,140.38681030273438,121.2181167602539,4015049
2007-07-11,140.65870666503906,143.37762451171875,139.57113647460938,140.38681030273438,121.2181167602539,4137116
2007-07-12,141.3837432861328,150.53744506835938,141.3837432861328,149.0420379638672,128.69158935546875,11725444
2007-07-13,151.8062744140625,161.32247924804688,151.8062744140625,157.87852478027344,136.3214874267578,17227470
2007-07-16,159.50987243652344,164.85707092285156,157.7878875732422,163.49761962890625,141.17337036132812,8811944
2007-07-17,164.04139709472656,165.85401916503906,160.144287109375,161.775634765625,139.6864776611328,5881318
2007-07-18,160.86932373046875,170.29490661621094,156.88157653808594,167.30410766601562,144.4601287841797,3911347
2007-07-19,170.3855438232422,173.92013549804688,167.48536682128906,168.4822998046875,145.4774627685547,5224539
2007-07-20,169.2979736328125,170.29490661621094,164.40391540527344,165.53680419921875,142.93411254882812,2335996
2007-07-23,163.1350860595703,168.93545532226562,163.1350860595703,167.62130737304688,144.7340087890625,2072708
2007-07-24,167.6666259765625,172.19815063476562,167.21347045898438,169.11671447753906,146.0252227783203,5245242
2007-07-25,162.22879028320312,168.79949951171875,162.22879028320312,166.26185607910156,143.56015014648438,2843913
2007-07-26,164.1320343017578,168.02914428710938,164.1320343017578,166.1712188720703,143.4818878173828,6480414
2007-07-27,163.1350860595703,163.1350860595703,154.7517547607422,156.88157653808594,135.460693359375,1998583
2007-07-30,155.8846435546875,157.24411010742188,149.177978515625,150.22023010253906,129.7089080810547,3138998
2007-07-31,152.98446655273438,155.70338439941406,150.6733856201172,154.02671813964844,132.9956512451172,2704093
2007-08-01,154.02671813964844,154.02671813964844,143.1963653564453,144.19329833984375,124.5049057006836,2307002
2007-08-02,148.9060821533203,148.9060821533203,142.4713134765625,144.6917724609375,124.9353256225586,1582092
2007-08-03,145.2355499267578,147.99978637695312,145.2355499267578,147.36537170410156,127.24382781982422,1980650
2007-08-06,145.00897216796875,145.00897216796875,140.47744750976562,142.7885284423828,123.29195404052734,2354718
2007-08-07,150.44680786132812,150.44680786132812,141.5196990966797,142.15411376953125,122.74415588378906,1695395
2007-08-08,144.0120391845703,147.2747344970703,143.2869873046875,146.50437927246094,126.50040435791016,1141790
2007-08-09,147.2747344970703,150.62806701660156,140.7040252685547,141.3837432861328,122.0789794921875,2328553
2007-08-10,140.47744750976562,140.47744750976562,135.2661895751953,137.07879638671875,118.36183166503906,4176378
2007-08-13,138.66482543945312,139.38987731933594,136.1724853515625,138.1210479736328,119.26175689697266,1302681
2007-08-14,138.66482543945312,141.42906188964844,135.94590759277344,139.52581787109375,120.47472381591797,1879902
2007-08-16,136.8522186279297,136.8522186279297,130.73464965820312,131.3690643310547,113.43170928955078,2479933
2007-08-17,130.50807189941406,133.63482666015625,126.06717681884766,126.92816925048828,109.59716796875,5919038
2007-08-20,131.4143829345703,131.95816040039062,127.78915405273438,128.5595245361328,111.00577545166016,3054226
2007-08-21,128.60482788085938,129.42050170898438,122.89510345458984,123.43888854980469,106.5843276977539,1864851
2007-08-22,124.6170883178711,127.15473937988281,122.39663696289062,125.93122863769531,108.73635864257812,2449045
2007-08-23,126.88285064697266,130.5987091064453,125.20618438720703,125.97654724121094,108.7754898071289,3256769
2007-08-24,127.10942840576172,129.4658203125,127.0641098022461,128.69546508789062,111.12316131591797,1229262
2007-08-27,130.50807189941406,135.40213012695312,130.10023498535156,134.6770782470703,116.28802490234375,3479203
2007-08-28,134.6770782470703,139.93365478515625,134.17861938476562,138.98204040527344,120.00518798828125,3916175
2007-08-29,136.8522186279297,142.29005432128906,135.94590759277344,141.7915802001953,122.43109893798828,3901435
2007-08-30,143.1963653564453,145.00897216796875,139.79771423339844,144.28392028808594,124.5831298828125,3921334
2007-08-31,144.55581665039062,144.9183349609375,141.88221740722656,143.10572814941406,123.56581115722656,3006236
2007-09-03,144.23861694335938,146.23248291015625,141.9275360107422,145.5074462890625,125.63961029052734,1605677
2007-09-04,144.28392028808594,145.5074462890625,141.9275360107422,142.29005432128906,122.86151885986328,837493
2007-09-05,143.1963653564453,143.51356506347656,139.38987731933594,142.15411376953125,122.74415588378906,2842110
2007-09-06,140.47744750976562,142.15411376953125,139.11798095703125,140.5227508544922,121.33551788330078,2617658
2007-09-07,140.47744750976562,145.73402404785156,140.47744750976562,142.10879516601562,122.70500946044922,2112331
2007-09-10,141.20248413085938,142.0634765625,139.57113647460938,139.84303283691406,120.74859619140625,1565511
2007-09-11,141.1118621826172,143.69482421875,139.2086181640625,142.3353729248047,122.90064239501953,3811731
2007-09-12,141.74627685546875,143.87608337402344,140.47744750976562,140.74932861328125,121.5311508178711,2060680
2007-09-13,141.3837432861328,141.74627685546875,138.84608459472656,139.48049926757812,120.43558502197266,2057040
2007-09-14,140.0242919921875,142.3806915283203,138.03041076660156,139.88833618164062,120.7877426147461,3537560
2007-09-17,140.47744750976562,140.9759063720703,139.3445587158203,139.79771423339844,120.7094955444336,754248
2007-09-18,138.75546264648438,141.20248413085938,138.71014404296875,140.20555114746094,121.0616455078125,1154919
2007-09-19,140.8399658203125,145.73402404785156,140.8399658203125,144.6917724609375,124.9353256225586,2997996
2007-09-20,148.13572692871094,149.0873565673828,144.55581665039062,146.95753479003906,126.89169311523438,2950396
2007-09-21,146.8215789794922,148.0450897216797,144.64645385742188,145.5980682373047,125.71784210205078,2542092
2007-09-24,146.8215789794922,149.22329711914062,143.2869873046875,147.86383056640625,127.67423248291016,2751904
2007-09-25,146.8215789794922,152.89382934570312,146.4590606689453,152.07815551757812,131.31314086914062,6275602
2007-09-26,153.1657257080078,153.80014038085938,148.95140075683594,149.76707458496094,129.31759643554688,2391461
2007-09-27,147.18411254882812,153.07508850097656,147.18411254882812,148.9060821533203,128.5741729736328,6610991
2007-09-28,150.44680786132812,157.56130981445312,149.177978515625,156.06590270996094,134.7563934326172,5207867
2007-10-01,156.79095458984375,159.8723907470703,154.29861450195312,156.1565399169922,134.8346405029297,5433630
2007-10-03,157.69725036621094,163.49761962890625,155.8846435546875,162.00221252441406,139.8821563720703,7802018
2007-10-04,158.6035614013672,163.1350860595703,157.69725036621094,160.6427459716797,138.70828247070312,2770935
2007-10-05,160.6880645751953,160.6880645751953,150.94528198242188,153.9813995361328,132.95651245117188,2348622
2007-10-08,153.61888122558594,154.2532958984375,145.915283203125,146.73095703125,126.6960678100586,2691107
2007-10-09,145.00897216796875,149.99365234375,144.14797973632812,148.72482299804688,128.4176788330078,2726816
2007-10-10,148.6342010498047,155.7940216064453,147.2747344970703,154.29861450195312,133.23040771484375,3312907
2007-10-11,154.97833251953125,161.14122009277344,153.39230346679688,159.4645538330078,137.69097900390625,3984915
2007-10-12,158.55824279785156,164.9477081298828,155.8846435546875,162.4553680419922,140.2733917236328,5369244
2007-10-15,163.1350860595703,172.4700469970703,162.81788635253906,171.06527709960938,147.70774841308594,6026202
2007-10-16,171.2012176513672,182.62066650390625,165.89932250976562,179.08607482910156,154.6333770751953,5051519
2007-10-17,176.7296905517578,184.79580688476562,156.65499877929688,179.1313934326172,154.67245483398438,5159648
2007-10-18,145.00897216796875,188.51165771484375,145.00897216796875,167.62130737304688,144.7340087890625,5354853
2007-10-19,164.04139709472656,168.4822998046875,156.9722137451172,158.46762084960938,136.8301544189453,5295373
2007-10-22,153.9813995361328,166.21653747558594,149.63113403320312,161.41311645507812,139.37347412109375,2591741
2007-10-23,165.85401916503906,170.74806213378906,163.1350860595703,167.3947296142578,144.53836059570312,3373870
2007-10-24,168.6182403564453,175.3249053955078,167.6666259765625,171.7449951171875,148.29461669921875,3812180
2007-10-25,172.19815063476562,181.26121520996094,171.29185485839844,174.14671325683594,150.36842346191406,11075917
2007-10-26,174.01077270507812,180.2642822265625,173.6935577392578,175.41554260253906,151.46400451660156,5579528
2007-10-29,177.5453643798828,181.0799560546875,174.14671325683594,176.18589782714844,152.12921142578125,2132465
2007-10-30,177.5453643798828,179.35797119140625,173.10446166992188,174.8717498779297,150.99444580078125,3302606
2007-10-31,164.58518981933594,185.339599609375,164.58518981933594,178.08914184570312,153.7725372314453,5744195
2007-11-01,180.3549041748047,183.48165893554688,166.08058166503906,170.15896606445312,146.92515563964844,3963186
2007-11-02,149.54049682617188,172.19815063476562,149.54049682617188,170.34022521972656,147.08168029785156,1964911
2007-11-05,166.9868927001953,173.10446166992188,165.40086364746094,166.66969299316406,143.91233825683594,3399423
2007-11-06,165.94464111328125,182.1675262451172,165.94464111328125,174.0560760498047,150.2901611328125,5198708
2007-11-07,175.4608612060547,177.635986328125,170.06832885742188,170.9293212890625,147.59033203125,5185380
2007-11-08,165.85401916503906,188.2850799560547,165.85401916503906,184.79580688476562,159.56349182128906,7247517
2007-11-12,174.4639129638672,192.49940490722656,172.4247283935547,187.42410278320312,161.83285522460938,13827806
2007-11-13,167.6666259765625,194.40264892578125,167.6666259765625,183.934814453125,158.8200225830078,13844066
2007-11-14,167.6666259765625,199.2967071533203,167.6666259765625,197.34814453125,170.40191650390625,11911916
2007-11-15,217.51345825195312,217.51345825195312,193.49635314941406,195.08238220214844,168.4455108642578,8142666
2007-11-16,199.34202575683594,199.34202575683594,182.1675262451172,184.6598663330078,159.4460906982422,8045339
2007-11-19,193.94949340820312,193.94949340820312,182.1675262451172,186.2458953857422,160.8155517578125,3598007
2007-11-20,181.26121520996094,188.7382354736328,171.88095092773438,175.3249053955078,151.3857421875,7280079
2007-11-21,174.9170684814453,176.7296905517578,165.67274475097656,167.5306854248047,144.65577697753906,4061446
2007-11-22,165.85401916503906,172.56068420410156,163.1350860595703,167.84788513183594,144.9296417236328,4476733
2007-11-23,170.3855438232422,175.7327423095703,167.84788513183594,170.56680297851562,147.27732849121094,3650721
2007-11-26,172.19815063476562,178.95013427734375,172.19815063476562,176.18589782714844,152.12921142578125,3065622
2007-11-27,176.63905334472656,177.18283081054688,172.28878784179688,173.60293579101562,149.89892578125,1367995
2007-11-28,174.01077270507812,175.77806091308594,165.62744140625,167.12283325195312,144.3035888671875,2591659
2007-11-29,168.1650848388672,171.69969177246094,161.32247924804688,163.3163604736328,141.01686096191406,8015440
2007-11-30,165.85401916503906,170.3855438232422,164.5398712158203,168.02914428710938,145.0861053466797,2673066
2007-12-03,171.29185485839844,176.2765350341797,168.66355895996094,173.92013549804688,150.1727752685547,2460663
2007-12-04,173.10446166992188,177.1375274658203,171.29185485839844,176.23121643066406,152.1682891845703,2435169
2007-12-05,176.8203125,181.98626708984375,174.55455017089844,180.85337829589844,156.15936279296875,3212361
2007-12-06,182.66598510742188,183.0285186767578,173.73887634277344,175.0530242919922,151.15097045898438,3180699
2007-12-07,175.0530242919922,178.45166015625,167.7572479248047,170.29490661621094,147.04251098632812,4959838
2007-12-10,170.3855438232422,176.36715698242188,170.29490661621094,175.18896484375,151.2683563232422,1947740
2007-12-11,181.0799560546875,181.71437072753906,175.37022399902344,180.12832641601562,155.53330993652344,3009645
2007-12-12,178.54229736328125,188.42103576660156,176.7296905517578,186.92562866210938,161.4024658203125,6796963
2007-12-13,188.51165771484375,195.26364135742188,187.15220642089844,189.6898651123047,163.7892608642578,10637084
2007-12-14,192.1368865966797,196.6684112548828,188.96481323242188,193.22445678710938,166.8412322998047,5078063
2007-12-17,192.72598266601562,192.9525604248047,178.54229736328125,181.98626708984375,157.1375274658203,3901089
2007-12-18,192.1368865966797,192.1368865966797,175.37022399902344,180.58148193359375,155.924560546875,3434920
2007-12-19,183.07382202148438,184.52391052246094,173.19508361816406,179.90174865722656,155.33763122558594,3610880
2007-12-20,185.339599609375,185.70211791992188,179.8564453125,180.58148193359375,155.924560546875,2987341
2007-12-24,181.26121520996094,184.43328857421875,180.3549041748047,182.53004455566406,157.60708618164062,2277434
2007-12-26,182.25814819335938,191.68373107910156,182.25814819335938,189.87112426757812,163.94577026367188,3599172
2007-12-27,190.41490173339844,196.21527099609375,189.87112426757812,191.18527221679688,165.08050537109375,5885155
2007-12-28,191.23057556152344,194.85580444335938,188.69293212890625,192.68067932128906,166.3717041015625,1967548
2007-12-31,193.58697509765625,200.70147705078125,193.08851623535156,194.71986389160156,168.13247680664062,2858682
2008-01-01,195.76211547851562,197.6653594970703,193.4057159423828,195.3089599609375,168.6411590576172,1408592
2008-01-02,197.30282592773438,199.11544799804688,190.59616088867188,196.98562622070312,170.08883666992188,3015583
2008-01-03,197.57472229003906,200.65615844726562,191.7290496826172,192.9978790283203,166.64559936523438,2793263
2008-01-04,194.85580444335938,200.20301818847656,193.54165649414062,199.2967071533203,172.08438110351562,4763906
2008-01-07,196.6684112548828,198.4810333251953,192.1368865966797,197.57472229003906,170.59751892089844,4374757
2008-01-08,196.6684112548828,197.93724060058594,186.6990509033203,189.32733154296875,163.4762420654297,2372241
2008-01-09,190.32427978515625,194.53860473632812,185.79273986816406,192.09156799316406,165.86305236816406,1975643
2008-01-10,192.1368865966797,192.90724182128906,181.03463745117188,182.4394073486328,157.52880859375,2022069
2008-01-11,183.98013305664062,185.61148071289062,178.7235565185547,183.16445922851562,158.15487670898438,1477635
2008-01-14,185.70211791992188,187.56004333496094,181.44247436523438,182.66598510742188,157.7244415283203,1565206
2008-01-15,183.5269775390625,184.88644409179688,175.95932006835938,179.1313934326172,154.67245483398438,2216145
2008-01-16,176.7296905517578,176.7296905517578,168.79949951171875,173.2404022216797,149.58583068847656,2802610
2008-01-17,172.19815063476562,174.9170684814453,167.89320373535156,173.19508361816406,149.54669189453125,2437546
2008-01-18,174.01077270507812,175.50616455078125,166.0352783203125,167.7572479248047,144.8513641357422,3364212
2008-01-21,167.6666259765625,167.6666259765625,135.99122619628906,151.03590393066406,130.41317749023438,3646755
2008-01-22,140.47744750976562,158.6035614013672,126.88285064697266,135.2208709716797,116.75755310058594,4014271
2008-01-23,126.88285064697266,151.35311889648438,126.88285064697266,145.1902313232422,125.36568450927734,2767557
2008-01-24,146.73095703125,153.48294067382812,133.7254638671875,136.0365447998047,117.46186828613281,3466364
2008-01-25,139.57113647460938,163.04446411132812,138.211669921875,157.4253692626953,135.9302215576172,3465152
2008-01-28,154.97833251953125,159.37391662597656,145.915283203125,157.4253692626953,135.9302215576172,2312073
2008-01-29,156.9722137451172,165.3102264404297,153.61888122558594,162.68194580078125,140.46908569335938,3480240
2008-01-30,161.2318572998047,163.04446411132812,156.79095458984375,159.7364501953125,137.9257354736328,3806828
2008-01-31,159.50987243652344,159.50987243652344,140.47744750976562,148.58888244628906,128.30027770996094,6423984
2008-02-01,153.9813995361328,161.775634765625,145.915283203125,160.9599609375,138.9822235107422,4073625
2008-02-04,166.1259002685547,172.10752868652344,158.96607971191406,162.09283447265625,139.9603729248047,2801685
2008-02-05,161.41311645507812,166.30715942382812,156.11122131347656,165.2196044921875,142.66021728515625,2633976
2008-02-06,155.92996215820312,160.2349090576172,154.97833251953125,156.2018585205078,134.87379455566406,1735183
2008-02-07,156.79095458984375,158.512939453125,145.915283203125,147.04815673828125,126.96994018554688,2821325
2008-02-08,149.4498748779297,152.25941467285156,143.1963653564453,145.099609375,125.2874526977539,2825030
2008-02-11,144.9183349609375,145.915283203125,135.94590759277344,138.03041076660156,119.1834945678711,3770892
2008-02-12,140.38681030273438,142.51663208007812,135.71932983398438,136.9881591796875,118.2835693359375,3051709
2008-02-13,138.66482543945312,141.74627685546875,133.13636779785156,135.53807067871094,117.03146362304688,1053145
2008-02-14,139.57113647460938,149.9030303955078,139.57113647460938,148.31698608398438,128.06553649902344,3187191
2008-02-15,147.72789001464844,163.95077514648438,145.00897216796875,161.59437561035156,139.52999877929688,5028328
2008-02-18,162.4553680419922,167.6666259765625,159.28329467773438,166.89627075195312,144.10792541503906,3995596
2008-02-19,167.71194458007812,170.65744018554688,159.14735412597656,162.50067138671875,140.3125762939453,4325138
2008-02-20,162.9991455078125,165.7633819580078,157.96914672851562,160.50680541992188,138.59092712402344,2485743
2008-02-21,162.22879028320312,173.01382446289062,162.22879028320312,171.06527709960938,147.70774841308594,3980836
2008-02-22,171.29185485839844,176.50311279296875,166.76031494140625,174.0560760498047,150.2901611328125,5401115
2008-02-25,175.0530242919922,179.26734924316406,167.71194458007812,178.17977905273438,153.85079956054688,4004084
2008-02-26,180.2642822265625,182.0315704345703,177.2281494140625,179.67518615722656,155.14199829101562,3217787
2008-02-27,180.8080596923828,185.70211791992188,176.09527587890625,177.59066772460938,153.34214782714844,5275049
2008-02-28,177.635986328125,185.79273986816406,175.37022399902344,185.1583251953125,159.87646484375,7737723
2008-02-29,183.34571838378906,184.88644409179688,175.82337951660156,183.61761474609375,158.54612731933594,7329421
2008-03-03,177.9078826904297,183.61761474609375,169.5698699951172,172.3341064453125,148.80331420898438,6349132
2008-03-04,172.19815063476562,183.5269775390625,169.705810546875,181.53311157226562,156.74627685546875,5867964
2008-03-05,181.26121520996094,190.9586944580078,178.67823791503906,188.37571716308594,162.65457153320312,9054117
2008-03-07,185.8833770751953,186.6990509033203,172.28878784179688,178.08914184570312,153.7725372314453,3758428
2008-03-10,175.82337951660156,182.4394073486328,169.11671447753906,178.67823791503906,154.2811737060547,3946753
2008-03-11,177.5453643798828,186.1552734375,173.19508361816406,184.11607360839844,158.9765625,4465164
2008-03-12,185.79273986816406,187.60536193847656,170.9293212890625,173.82949829101562,150.09451293945312,4666106
2008-03-13,167.7572479248047,171.15589904785156,156.5643768310547,157.60662841796875,136.08676147460938,5560594
2008-03-14,159.50987243652344,167.6666259765625,158.6035614013672,164.9023895263672,142.3863067626953,3281609
2008-03-17,163.04446411132812,163.04446411132812,146.91221618652344,148.86077880859375,128.53504943847656,4888949
2008-03-18,147.72789001464844,152.25941467285156,143.78546142578125,146.14186096191406,126.18740844726562,3698281
2008-03-19,149.4498748779297,152.7125701904297,138.66482543945312,140.1602325439453,121.02249908447266,5324553
2008-03-24,145.915283203125,154.02671813964844,133.7254638671875,139.57113647460938,120.51384735107422,3014824
2008-03-25,141.3837432861328,150.44680786132812,141.3837432861328,147.77320861816406,127.59598541259766,2423766
2008-03-26,148.86077880859375,151.8062744140625,144.19329833984375,146.68563842773438,126.65692138671875,3048221
2008-03-27,143.5588836669922,160.2349090576172,143.5588836669922,156.92689514160156,135.49981689453125,6870638
2008-03-28,159.50987243652344,160.32554626464844,154.97833251953125,158.9207763671875,137.22146606445312,2258501
2008-03-31,158.1957244873047,161.18653869628906,147.90914916992188,149.63113403320312,129.20021057128906,3369336
2008-04-01,145.099609375,156.7003173828125,145.099609375,152.16879272460938,131.39138793945312,2333336
2008-04-02,158.6035614013672,158.6035614013672,149.63113403320312,150.76402282714844,130.17843627929688,1410017
2008-04-03,149.54049682617188,158.3316650390625,149.54049682617188,154.7970733642578,133.66079711914062,2510032
2008-04-04,139.7523956298828,156.79095458984375,139.7523956298828,152.93914794921875,132.0565643310547,1965391
2008-04-07,153.25636291503906,157.69725036621094,150.89996337890625,156.9722137451172,135.53892517089844,1488401
2008-04-08,154.97833251953125,157.24411010742188,151.85157775878906,153.80014038085938,132.80003356933594,2081540
2008-04-09,154.97833251953125,157.47067260742188,152.7125701904297,156.7003173828125,135.30418395996094,1902177
2008-04-10,156.7003173828125,161.2318572998047,156.7003173828125,157.56130981445312,136.04763793945312,1746238
2008-04-11,159.50987243652344,162.68194580078125,157.69725036621094,159.8723907470703,138.0431365966797,2312454
2008-04-15,157.69725036621094,160.6427459716797,156.11122131347656,157.3800506591797,135.89109802246094,1898614
2008-04-16,159.50987243652344,162.1834716796875,158.6488800048828,159.96302795410156,138.1213836669922,1264243
2008-04-17,160.41616821289062,170.20428466796875,160.41616821289062,169.1620330810547,146.0643310546875,2432337
2008-04-21,171.29185485839844,176.18589782714844,170.8386993408203,174.2373504638672,150.4466552734375,2281980
2008-04-22,173.10446166992188,177.1375274658203,170.521484375,175.00770568847656,151.11181640625,2358357
2008-04-23,176.7296905517578,176.7296905517578,168.7541961669922,170.521484375,147.2382049560547,1049272
2008-04-24,167.8025665283203,173.92013549804688,166.76031494140625,170.74806213378906,147.43382263183594,3127190
2008-04-25,170.74806213378906,173.10446166992188,168.79949951171875,171.7449951171875,148.29461669921875,1221529
2008-04-28,176.63905334472656,176.63905334472656,168.66355895996094,169.25265502929688,146.14260864257812,692066
2008-04-29,170.74806213378906,181.1705780029297,168.66355895996094,179.67518615722656,155.14199829101562,3041236
2008-04-30,181.1705780029297,182.07688903808594,173.42166137695312,175.68743896484375,151.69874572753906,3946560
2008-05-02,179.4486083984375,179.4486083984375,167.7572479248047,168.52761840820312,145.5165557861328,5140081
2008-05-05,168.52761840820312,169.5698699951172,163.76950073242188,166.1712188720703,143.4818878173828,3239419
2008-05-06,166.76031494140625,169.0260772705078,163.406982421875,164.811767578125,142.30809020996094,3436077
2008-05-07,165.40086364746094,167.16815185546875,159.50987243652344,162.63662719726562,140.42991638183594,2094701
2008-05-08,162.22879028320312,165.3102264404297,159.96302795410156,163.6788787841797,141.3298797607422,920185
2008-05-09,155.2049102783203,163.58824157714844,155.2049102783203,157.15347290039062,135.69546508789062,1834863
2008-05-12,158.512939453125,160.77870178222656,151.8968963623047,158.512939453125,136.86929321289062,1793484
2008-05-13,160.41616821289062,167.21347045898438,159.10203552246094,163.08978271484375,140.82122802734375,3174393
2008-05-14,161.32247924804688,176.63905334472656,161.32247924804688,174.28265380859375,150.4857635498047,8434427
2008-05-15,174.28265380859375,187.0615692138672,173.19508361816406,184.88644409179688,159.6417236328125,9663261
2008-05-16,184.88644409179688,186.6537322998047,179.35797119140625,184.38796997070312,159.21128845214844,7907600
2008-05-20,184.88644409179688,184.88644409179688,177.31878662109375,180.53616333007812,155.88543701171875,5890516
2008-05-21,179.1767120361328,182.89256286621094,176.77499389648438,178.8594970703125,154.43771362304688,5506682
2008-05-22,177.635986328125,180.53616333007812,173.33103942871094,179.1313934326172,154.67245483398438,3150162
2008-05-23,179.4486083984375,180.4002227783203,172.56068420410156,174.9170684814453,151.0335693359375,4094435
2008-05-26,172.19815063476562,176.2765350341797,167.71194458007812,168.70887756347656,145.67308044433594,4064008
2008-05-27,171.2012176513672,171.7449951171875,167.3947296142578,168.2104034423828,145.24267578125,2564816
2008-05-28,168.57293701171875,179.90174865722656,166.76031494140625,178.0438232421875,153.73336791992188,3309971
2008-05-29,180.2642822265625,180.2642822265625,169.1620330810547,171.56373596191406,148.1381378173828,2679749
2008-05-30,174.9170684814453,178.90481567382812,172.24346923828125,174.28265380859375,150.4857635498047,3077220
2008-06-02,170.3855438232422,174.7811279296875,156.9722137451172,165.3102264404297,142.73846435546875,2377809
2008-06-03,160.41616821289062,169.8417510986328,158.83013916015625,167.6666259765625,144.7731475830078,1725481
2008-06-04,165.89932250976562,169.47923278808594,159.60049438476562,161.68499755859375,139.6082305908203,3202154
2008-06-05,161.3677978515625,166.30715942382812,156.79095458984375,164.9023895263672,142.3863067626953,2704979
2008-06-06,165.94464111328125,167.62130737304688,158.15040588378906,159.10203552246094,137.3779754638672,1451667
2008-06-09,154.07203674316406,161.2318572998047,153.5282440185547,159.14735412597656,137.4171142578125,1716887
2008-06-10,158.6035614013672,163.49761962890625,156.79095458984375,159.69113159179688,137.88665771484375,1698179
2008-06-11,159.50987243652344,163.406982421875,159.0113983154297,160.46148681640625,138.55177307128906,830072
2008-06-12,156.6096954345703,163.04446411132812,156.6096954345703,160.91464233398438,138.9430694580078,787160
2008-06-13,162.22879028320312,162.22879028320312,158.6035614013672,159.55519104003906,137.76925659179688,916434
2008-06-16,163.36166381835938,163.36166381835938,154.43455505371094,155.29554748535156,134.09121704101562,3331034
2008-06-17,156.7003173828125,158.46762084960938,153.1657257080078,156.5643768310547,135.18678283691406,2117363
2008-06-18,156.74563598632812,160.6880645751953,156.5643768310547,158.2410430908203,136.63453674316406,1578254
2008-06-19,156.79095458984375,159.8723907470703,153.25636291503906,156.06590270996094,134.7563934326172,1657030
2008-06-20,157.06283569335938,157.69725036621094,143.78546142578125,146.09654235839844,126.14825439453125,3748099
2008-06-23,145.915283203125,145.915283203125,133.0004119873047,134.49581909179688,116.13153076171875,3869784
2008-06-24,136.80690002441406,136.8522186279297,128.9673614501953,131.2784423828125,113.35343933105469,2733098
2008-06-25,126.88285064697266,137.21473693847656,125.97654724121094,134.58645629882812,116.20977020263672,3907149
2008-06-26,135.94590759277344,136.8522186279297,128.9673614501953,131.14248657226562,113.2360610961914,4345836
2008-06-27,127.78915405273438,131.09716796875,125.47807312011719,126.38438415527344,109.12762451171875,2878253
2008-06-30,132.27537536621094,132.27537536621094,125.61402130126953,128.9673614501953,111.35792541503906,2288386
2008-07-01,129.69239807128906,131.95816040039062,120.17618560791016,122.12474060058594,105.4496078491211,2542295
2008-07-02,122.351318359375,130.50807189941406,121.80753326416016,129.14862060546875,111.51443481445312,2082529
2008-07-03,124.29988098144531,128.69546508789062,120.99185943603516,122.84978485107422,106.0756607055664,960664
2008-07-04,125.07023620605469,126.74690246582031,122.57789611816406,125.34213256835938,108.22771453857422,627373
2008-07-07,126.88285064697266,130.87059020996094,125.29681396484375,128.87672424316406,111.27967071533203,1162600
2008-07-08,127.38131713867188,133.63482666015625,125.97654724121094,131.686279296875,113.70562744140625,1300867
2008-07-09,133.90672302246094,135.9005889892578,128.42356872558594,132.00347900390625,113.97948455810547,3307176
2008-07-10,132.00347900390625,141.02122497558594,127.83447265625,138.80078125,119.84868621826172,5138609
2008-07-11,138.75546264648438,144.9183349609375,137.75852966308594,140.65870666503906,121.45291137695312,7440956
2008-07-14,139.57113647460938,141.29312133789062,134.58645629882812,135.99122619628906,117.4227523803711,2321871
2008-07-15,134.17861938476562,134.17861938476562,124.3451919555664,125.25149536132812,108.14942932128906,2593387
2008-07-16,125.97654724121094,129.51113891601562,122.89510345458984,124.25456237792969,107.28861999511719,1995854
2008-07-17,126.92816925048828,129.14862060546875,121.58096313476562,126.33906555175781,109.0885009765625,2906656
2008-07-18,126.97348022460938,132.13941955566406,124.16393280029297,129.01266479492188,111.39703369140625,2265080
2008-07-21,130.05491638183594,130.46275329589844,126.20311737060547,129.28456115722656,111.6318130493164,2082167
2008-07-22,131.09716796875,135.58338928222656,129.14862060546875,133.8160858154297,115.54460144042969,2058007
2008-07-23,136.39906311035156,139.93365478515625,135.13023376464844,137.7132110595703,118.90959930419922,2882473
2008-07-24,139.11798095703125,139.11798095703125,134.76771545410156,137.8038330078125,118.98786163330078,1409252
2008-07-25,135.94590759277344,142.15411376953125,134.35987854003906,135.40213012695312,116.91409301757812,2472251
2008-07-28,136.0365447998047,137.75852966308594,132.00347900390625,132.45663452148438,114.37077331542969,3038300
2008-07-29,133.58950805664062,133.58950805664062,125.11555480957031,126.15780639648438,108.93199920654297,3288272
2008-07-30,127.33600616455078,128.69546508789062,125.79528045654297,126.83753204345703,109.51891326904297,3833516
2008-07-31,126.88285064697266,129.60177612304688,126.88285064697266,128.1063690185547,110.6144790649414,2821621
2008-08-01,128.60482788085938,129.60177612304688,125.97654724121094,127.78915405273438,110.34059143066406,3218536
2008-08-04,129.4658203125,129.51113891601562,126.79222106933594,128.83140563964844,111.24053192138672,2193602
2008-08-05,129.51113891601562,131.23312377929688,126.06717681884766,129.10330200195312,111.47530364990234,3370495
2008-08-06,130.50807189941406,131.7769012451172,127.83447265625,128.46888732910156,110.92752838134766,1381340
2008-08-07,129.60177612304688,130.87059020996094,127.83447265625,129.10330200195312,111.47530364990234,1321203
2008-08-08,127.15473937988281,131.8222198486328,127.15473937988281,131.2784423828125,113.35343933105469,1841359
2008-08-11,132.77383422851562,133.13636779785156,130.37213134765625,130.91590881347656,113.04042053222656,1467890
2008-08-12,131.59564208984375,131.7769012451172,128.60482788085938,129.0579833984375,111.43617248535156,1039706
2008-08-13,128.60482788085938,128.650146484375,126.11248779296875,126.52032470703125,109.24502563476562,1823320
2008-08-14,123.75609588623047,127.51726531982422,122.44194793701172,123.21231079101562,106.38868713378906,2092308
2008-08-18,123.25762939453125,123.25762939453125,116.32438659667969,117.41194915771484,101.38031005859375,6678520
2008-08-19,116.77753448486328,120.81060028076172,114.421142578125,120.13086700439453,103.72797393798828,7351895
2008-08-20,121.8981704711914,122.12474060058594,120.17618560791016,121.08248901367188,104.54967498779297,2147859
2008-08-21,121.08248901367188,121.39969635009766,115.87123107910156,116.4150161743164,100.51950073242188,1516528
2008-08-22,117.81979370117188,122.80447387695312,116.91348266601562,122.03411102294922,105.3713607788086,2684988
2008-08-25,123.25762939453125,124.39051055908203,121.26375579833984,121.8981704711914,105.25398254394531,1864393
2008-08-26,120.13086700439453,123.21231079101562,120.13086700439453,122.89510345458984,106.11479187011719,2117546
2008-08-27,122.94042205810547,126.83753204345703,122.80447387695312,126.15780639648438,108.93199920654297,3346066
2008-08-28,128.89999389648438,128.89999389648438,119.5,120.5999984741211,105.53565216064453,13062175
2008-08-29,124.69999694824219,124.69999694824219,122.0,122.4000015258789,107.11080169677734,5022602
2008-09-01,122.0,124.0,121.0999984741211,122.1500015258789,106.89204406738281,6069073
2008-09-02,122.4000015258789,125.4000015258789,121.80000305175781,123.8499984741211,108.37969207763672,5702010
2008-09-04,127.0,127.4000015258789,121.9000015258789,126.69999694824219,110.87369537353516,2694563
2008-09-05,126.0,126.30000305175781,123.19999694824219,123.69999694824219,108.2484359741211,2268197
2008-09-08,125.0,128.8000030517578,125.0,125.8499984741211,110.12986755371094,2416133
2008-09-09,125.0,126.5,123.0999984741211,126.0999984741211,110.34864807128906,1320987
2008-09-10,126.0,127.8499984741211,123.0,124.75,109.1672592163086,3539133
2008-09-11,124.0,124.0,121.3499984741211,122.3499984741211,107.06705474853516,1019240
2008-09-12,123.0,124.69999694824219,120.6500015258789,121.3499984741211,106.19197082519531,891049
2008-09-15,120.0,121.3499984741211,112.6500015258789,115.30000305175781,100.8976821899414,1725602
2008-09-16,110.0,115.4000015258789,109.5,113.6500015258789,99.45379638671875,3296864
2008-09-17,115.0,115.30000305175781,111.80000305175781,112.69999694824219,98.62245178222656,1922684
2008-09-18,111.1500015258789,113.0,106.1500015258789,112.5,98.44744873046875,2261224
2008-09-19,113.25,115.0,111.0,112.94999694824219,98.84122467041016,5630197
2008-09-22,114.69999694824219,114.69999694824219,109.1500015258789,110.5,96.69727325439453,2471962
2008-09-23,109.0,110.69999694824219,106.4000015258789,108.44999694824219,94.9033432006836,3269817
2008-09-24,109.0,110.25,107.19999694824219,108.75,95.1658706665039,2694372
2008-09-25,109.5,109.80000305175781,103.55000305175781,104.30000305175781,91.271728515625,4929590
2008-09-26,104.5,105.0,98.55000305175781,99.3499984741211,86.94001770019531,4711477
2008-09-29,99.3499984741211,99.9000015258789,95.69999694824219,96.69999694824219,84.62104797363281,2932160
2008-09-30,90.0,99.5999984741211,90.0,98.25,85.97743225097656,2862594
2008-10-01,99.9000015258789,100.0,96.05000305175781,98.94999694824219,86.58998107910156,2768717
2008-10-03,95.05000305175781,99.80000305175781,95.05000305175781,97.19999694824219,85.05857849121094,2933615
2008-10-06,95.75,98.5,95.3499984741211,96.44999694824219,84.40227508544922,4882396
2008-10-07,96.5,98.0,93.94999694824219,95.0999984741211,83.22090148925781,4445249
2008-10-08,94.0,94.4000015258789,85.5,90.80000305175781,79.45801544189453,9882050
2008-10-10,88.94999694824219,92.80000305175781,78.0,80.80000305175781,70.70713806152344,14519554
2008-10-13,85.0,90.0,82.4000015258789,89.0999984741211,77.97037506103516,3095162
2008-10-14,94.5,94.9000015258789,84.0999984741211,85.1500015258789,74.51377868652344,4184813
2008-10-15,84.44999694824219,84.44999694824219,78.3499984741211,78.94999694824219,69.08821868896484,2430844
2008-10-16,75.0,75.0,67.0,68.8499984741211,60.24982452392578,5084240
2008-10-17,70.0,71.4000015258789,62.20000076293945,63.79999923706055,55.83063507080078,7555308
2008-10-20,65.0,69.5999984741211,63.79999923706055,65.55000305175781,57.362037658691406,5567606
2008-10-21,66.0999984741211,68.5,61.650001525878906,64.25,56.224430084228516,9552053
2008-10-22,64.0,65.0,59.0,60.45000076293945,52.89908981323242,6058887
2008-10-23,58.900001525878906,58.900001525878906,51.099998474121094,52.45000076293945,45.898380279541016,7982580
2008-10-24,52.45000076293945,52.45000076293945,39.54999923706055,43.29999923706055,37.89132308959961,45474984
2008-10-27,44.099998474121094,45.79999923706055,38.0,40.400001525878906,35.35356903076172,21496546
2008-10-29,45.900001525878906,56.29999923706055,44.79999923706055,53.150001525878906,46.51094436645508,48709734
2008-10-31,55.150001525878906,62.0,52.0,60.5,52.942848205566406,34649169
2008-11-03,63.0,66.5,62.150001525878906,63.45000076293945,55.52436065673828,12102862
2008-11-04,63.5,65.0,60.099998474121094,64.05000305175781,56.04941940307617,16314874
2008-11-05,65.0,67.4000015258789,60.099998474121094,61.349998474121094,53.686668395996094,8436908
2008-11-06,59.0,61.349998474121094,55.099998474121094,56.54999923706055,49.48624038696289,11530417
2008-11-07,57.900001525878906,63.900001525878906,55.099998474121094,60.29999923706055,52.767826080322266,16565508
2008-11-10,62.5,68.80000305175781,61.25,66.9000015258789,58.54341506958008,15931670
2008-11-11,65.0,65.4000015258789,59.5,60.150001525878906,52.63656234741211,10526002
2008-11-12,58.0,59.650001525878906,55.29999923706055,56.599998474121094,49.53000259399414,9211644
2008-11-14,58.0,59.150001525878906,55.650001525878906,56.650001525878906,49.57375717163086,6379958
2008-11-17,57.650001525878906,57.650001525878906,52.599998474121094,54.54999923706055,47.73606872558594,6611442
2008-11-18,65.0,65.0,51.79999923706055,52.900001525878906,46.29216766357422,4480481
2008-11-19,53.150001525878906,55.5,49.95000076293945,50.25,43.97319412231445,4568701
2008-11-20,49.099998474121094,52.20000076293945,47.0,50.04999923706055,43.79817199707031,7567121
2008-11-21,50.25,53.599998474121094,48.099998474121094,51.95000076293945,45.460838317871094,8951514
2008-11-24,51.29999923706055,53.400001525878906,50.150001525878906,51.75,45.28582763671875,4227077
2008-11-25,53.150001525878906,54.400001525878906,50.20000076293945,51.29999923706055,44.892032623291016,3532908
2008-11-26,51.900001525878906,53.099998474121094,49.150001525878906,52.599998474121094,46.02964401245117,4951389
2008-11-27,52.599998474121094,52.599998474121094,52.599998474121094,52.599998474121094,46.02964401245117,0
2008-11-28,55.0,55.0,50.0,52.95000076293945,46.3359260559082,21721460
2008-12-01,53.0,55.0,51.0,51.400001525878906,44.97954559326172,4327767
2008-12-02,50.79999923706055,52.650001525878906,48.099998474121094,52.099998474121094,45.592098236083984,5906965
2008-12-03,52.95000076293945,53.0,49.599998474121094,50.95000076293945,44.58575439453125,5138385
2008-12-04,52.900001525878906,52.900001525878906,48.75,52.20000076293945,45.67961883544922,8014255
2008-12-05,53.0,53.0,49.400001525878906,49.849998474121094,43.62314987182617,5256441
2008-12-08,51.650001525878906,53.349998474121094,49.599998474121094,50.75,44.410736083984375,8154205
2008-12-10,51.099998474121094,54.20000076293945,50.79999923706055,53.75,47.0359992980957,11416908
2008-12-11,54.0,55.25,49.900001525878906,51.25,44.84828186035156,10409813
2008-12-12,50.25,53.349998474121094,49.0,52.849998474121094,46.24842071533203,7965107
2008-12-15,53.900001525878906,58.75,53.0,55.849998474121094,48.87368392944336,13847368
2008-12-16,56.0,58.0,54.79999923706055,56.04999923706055,49.0486946105957,4783085
2008-12-17,57.0,58.0,53.75,54.349998474121094,47.56105422973633,6981684
2008-12-18,55.45000076293945,55.45000076293945,50.599998474121094,54.29999923706055,47.51729965209961,9603150
2008-12-19,54.849998474121094,55.45000076293945,53.04999923706055,54.099998474121094,47.34227752685547,9197812
2008-12-22,54.5,55.400001525878906,53.099998474121094,53.70000076293945,46.99224853515625,6399958
2008-12-23,52.5,53.650001525878906,50.5,51.400001525878906,44.97954559326172,6301527
2008-12-24,51.5,51.900001525878906,49.900001525878906,50.349998474121094,44.060699462890625,5585466
2008-12-26,50.900001525878906,51.849998474121094,48.20000076293945,48.54999923706055,42.485538482666016,3077481
2008-12-29,49.5,49.900001525878906,48.150001525878906,49.45000076293945,43.27311706542969,3305850
2008-12-30,49.5,51.45000076293945,49.5,50.650001525878906,44.32322311401367,4136113
2008-12-31,51.400001525878906,53.400001525878906,50.599998474121094,51.400001525878906,44.97954559326172,7229092
2009-01-02,54.900001525878906,57.25,54.900001525878906,56.04999923706055,49.0486946105957,11835593
2009-01-05,57.0,59.349998474121094,56.400001525878906,58.150001525878906,50.88638687133789,8918730
2009-01-06,58.849998474121094,60.150001525878906,56.599998474121094,58.099998474121094,50.842628479003906,6678525
2009-01-07,59.650001525878906,60.95000076293945,53.25,54.79999923706055,47.954837799072266,8695748
2009-01-09,54.0,55.900001525878906,51.79999923706055,52.599998474121094,46.02964401245117,3406603
2009-01-12,52.95000076293945,53.400001525878906,49.0,50.150001525878906,43.88568878173828,4728750
2009-01-13,50.0,51.099998474121094,47.79999923706055,48.54999923706055,42.485538482666016,3190582
2009-01-14,49.349998474121094,51.5,49.0,50.650001525878906,44.32322311401367,2266327
2009-01-15,50.099998474121094,50.099998474121094,47.599998474121094,48.25,42.2230110168457,3223379
2009-01-16,48.099998474121094,50.45000076293945,48.099998474121094,50.0,43.75441360473633,2006114
2009-01-19,52.0,52.0,50.349998474121094,50.650001525878906,44.32322311401367,3424529
2009-01-20,50.349998474121094,50.349998474121094,48.099998474121094,48.45000076293945,42.39802551269531,4193017
2009-01-21,47.5,49.900001525878906,47.04999923706055,47.400001525878906,41.47918701171875,5163464
2009-01-22,48.099998474121094,48.099998474121094,43.20000076293945,43.849998474121094,38.372623443603516,9644449
2009-01-23,43.0,44.400001525878906,41.849998474121094,43.5,38.06633758544922,4693273
2009-01-27,44.70000076293945,45.349998474121094,43.79999923706055,44.20000076293945,38.67890167236328,3561308
2009-01-28,44.45000076293945,44.650001525878906,43.75,44.349998474121094,38.8101692199707,3171309
2009-01-29,44.95000076293945,46.79999923706055,44.0,46.04999923706055,40.297813415527344,5983258
2009-01-30,45.5,50.400001525878906,44.79999923706055,48.95000076293945,42.835575103759766,9119013
2009-02-02,48.20000076293945,49.849998474121094,45.54999923706055,46.150001525878906,40.38532638549805,5586109
2009-02-03,46.599998474121094,47.29999923706055,44.04999923706055,44.900001525878906,39.291473388671875,5345086
2009-02-04,48.79999923706055,48.79999923706055,43.900001525878906,44.29999923706055,38.76640701293945,4887655
2009-02-05,45.0,45.45000076293945,43.099998474121094,43.45000076293945,38.0225944519043,4189177
2009-02-06,44.79999923706055,44.79999923706055,43.900001525878906,44.150001525878906,38.635154724121094,4093460
2009-02-09,44.95000076293945,46.5,44.25,45.95000076293945,40.21030807495117,3937981
2009-02-10,47.900001525878906,47.900001525878906,44.150001525878906,44.95000076293945,39.335227966308594,4038421
2009-02-11,46.900001525878906,46.900001525878906,44.0,44.95000076293945,39.335227966308594,3673336
2009-02-12,45.0,46.0,44.45000076293945,45.150001525878906,39.51023483276367,3151068
2009-02-13,45.900001525878906,46.45000076293945,45.5,45.75,40.03529357910156,3234137
2009-02-16,45.70000076293945,46.0,44.099998474121094,44.29999923706055,38.76640701293945,2830359
2009-02-17,43.79999923706055,44.0,41.79999923706055,42.400001525878906,37.103755950927734,4600180
2009-02-18,41.650001525878906,42.5,40.650001525878906,41.599998474121094,36.40367126464844,3422807
2009-02-19,41.79999923706055,42.099998474121094,39.900001525878906,40.099998474121094,35.091041564941406,5498823
2009-02-20,40.099998474121094,40.099998474121094,39.04999923706055,39.349998474121094,34.434722900390625,3671197
2009-02-24,37.0,39.29999923706055,37.0,39.0,34.12844467163086,2789092
2009-02-25,39.79999923706055,41.45000076293945,39.5,40.0,35.0035285949707,4519294
2009-02-26,40.0,40.650001525878906,38.20000076293945,38.54999923706055,33.73465347290039,7177507
2009-02-27,38.650001525878906,39.29999923706055,38.04999923706055,38.599998474121094,33.77840805053711,4137020
2009-03-02,38.400001525878906,38.400001525878906,37.20000076293945,38.04999923706055,33.2971076965332,2554347
2009-03-03,37.70000076293945,38.45000076293945,37.0,37.400001525878906,32.72830581665039,2908663
2009-03-04,37.79999923706055,38.95000076293945,37.5,38.599998474121094,33.77840805053711,4289456
2009-03-05,39.0,39.400001525878906,37.349998474121094,37.599998474121094,32.9033203125,2890447
2009-03-06,37.0,39.75,36.75,39.45000076293945,34.52224349975586,3863069
2009-03-09,38.75,39.099998474121094,37.20000076293945,37.95000076293945,33.20960235595703,4515492
2009-03-12,38.5,39.95000076293945,38.04999923706055,39.599998474121094,34.65349578857422,5267115
2009-03-13,40.0,43.75,39.79999923706055,42.25,36.97248458862305,7796430
2009-03-16,42.79999923706055,43.099998474121094,41.349998474121094,42.75,37.41002655029297,4793946
2009-03-17,42.54999923706055,44.75,42.25,43.70000076293945,38.241363525390625,9185494
2009-03-18,44.5,46.45000076293945,44.099998474121094,45.099998474121094,39.46649169921875,8932454
2009-03-19,46.0,46.0,43.70000076293945,45.099998474121094,39.46649169921875,5095219
2009-03-20,45.0,48.0,44.20000076293945,47.650001525878906,41.69795608520508,12720351
2009-03-23,48.5,53.099998474121094,47.70000076293945,52.04999923706055,45.5483512878418,14698153
2009-03-24,52.900001525878906,53.70000076293945,49.04999923706055,50.04999923706055,43.79817199707031,17199443
2009-03-25,49.95000076293945,51.150001525878906,48.0,49.849998474121094,43.62314987182617,9853910
2009-03-26,50.0,52.849998474121094,50.0,52.45000076293945,45.898380279541016,7408977
2009-03-27,53.099998474121094,55.75,52.5,55.099998474121094,48.21736145019531,9516772
2009-03-30,55.0,55.0,49.599998474121094,50.150001525878906,43.88568878173828,6614529
2009-03-31,50.0,53.099998474121094,49.04999923706055,52.04999923706055,45.5483512878418,8294124
2009-04-01,52.0,53.29999923706055,50.900001525878906,52.849998474121094,46.24842071533203,3663656
2009-04-02,54.0,58.25,53.650001525878906,56.5,49.44249725341797,11226062
2009-04-06,58.79999923706055,60.70000076293945,56.25,60.150001525878906,52.63656234741211,12724369
2009-04-08,58.04999923706055,59.0,54.29999923706055,58.20000076293945,50.930137634277344,15897043
2009-04-09,59.0,60.5,57.900001525878906,58.95000076293945,51.586456298828125,9530609
2009-04-13,59.5,61.79999923706055,58.95000076293945,59.45000076293945,52.02400207519531,11557181
2009-04-15,59.400001525878906,64.0999984741211,57.75,62.400001525878906,54.60551071166992,24749818
2009-04-16,64.3499984741211,66.69999694824219,56.599998474121094,57.900001525878906,50.66761779785156,20102230
2009-04-17,58.0,60.29999923706055,53.5,55.099998474121094,48.21736145019531,14924393
2009-04-20,55.0,56.400001525878906,52.599998474121094,53.599998474121094,46.90473556518555,9649336
2009-04-21,52.5,56.150001525878906,52.0,55.650001525878906,48.69866943359375,13331634
2009-04-22,56.900001525878906,57.0,54.0,54.650001525878906,47.82357406616211,6589993
2009-04-23,55.0,57.5,53.75,56.70000076293945,49.617515563964844,7896763
2009-04-24,58.5,58.5,55.70000076293945,57.25,50.09880447387695,6215484
2009-04-27,56.900001525878906,57.900001525878906,54.75,55.79999923706055,48.82993698120117,6794501
2009-04-28,55.25,55.5,53.0,53.400001525878906,46.7297248840332,6327351
2009-04-29,54.20000076293945,54.599998474121094,53.29999923706055,53.75,47.0359992980957,6717263
2009-04-30,53.75,53.75,53.75,53.75,47.0359992980957,0
2009-05-04,55.900001525878906,62.349998474121094,55.900001525878906,61.45000076293945,53.77418899536133,14070591
2009-05-05,63.0,63.75,60.0,62.400001525878906,54.60551071166992,9447035
2009-05-06,62.5,65.6500015258789,61.54999923706055,63.349998474121094,55.43684768676758,15056177
2009-05-07,64.3499984741211,71.6500015258789,63.900001525878906,70.25,61.47494888305664,17054583
2009-05-08,70.0,71.0,65.55000305175781,68.30000305175781,59.76853942871094,16097265
2009-05-11,70.0,70.0,65.30000305175781,66.80000305175781,58.45589828491211,10459326
2009-05-12,67.0999984741211,71.0,65.69999694824219,70.3499984741211,61.56246566772461,15771918
2009-05-13,71.5,73.5,70.25,71.05000305175781,62.1750373840332,11827964
2009-05-14,70.0,71.19999694824219,67.1500015258789,70.55000305175781,61.73749542236328,9988924
2009-05-15,70.6500015258789,72.9000015258789,69.5999984741211,70.44999694824219,61.64997100830078,7623469
2009-05-18,72.0,83.55000305175781,72.0,79.94999694824219,69.96331787109375,65267
2009-05-19,82.0,86.44999694824219,73.0,77.25,67.60059356689453,14493952
2009-05-20,80.19999694824219,84.0,77.6500015258789,83.0999984741211,72.7198486328125,11230265
2009-05-21,83.5,84.9000015258789,77.0999984741211,78.80000305175781,68.95697784423828,6996106
2009-05-22,77.30000305175781,80.9000015258789,75.0999984741211,76.9000015258789,67.29430389404297,5939941
2009-05-25,78.4000015258789,78.5999984741211,76.3499984741211,77.3499984741211,67.68807983398438,6245064
2009-05-26,78.5999984741211,82.0,75.19999694824219,80.0999984741211,70.09457397460938,14748839
2009-05-27,81.80000305175781,84.4000015258789,80.0999984741211,81.4000015258789,71.23218536376953,11751491
2009-05-28,81.80000305175781,83.25,79.5999984741211,81.69999694824219,71.4947280883789,11809807
2009-05-29,81.5,85.94999694824219,81.5,84.6500015258789,74.07623291015625,12974834
2009-06-01,85.0,89.5,85.0,87.6500015258789,76.70148468017578,15040839
2009-06-02,88.9000015258789,90.5,83.19999694824219,87.8499984741211,76.87650299072266,19224085
2009-06-03,89.0,94.0999984741211,88.9000015258789,93.30000305175781,81.64574432373047,15918768
2009-06-04,92.5,93.0,88.5,89.80000305175781,78.58294677734375,21946690
2009-06-05,91.8499984741211,94.19999694824219,91.0,92.94999694824219,81.33946228027344,12113378
2009-06-08,93.5,93.9000015258789,86.1500015258789,87.3499984741211,76.43896484375,7897880
2009-06-09,87.69999694824219,91.9000015258789,85.25,91.05000305175781,79.67678833007812,9735212
2009-06-10,92.19999694824219,96.25,90.05000305175781,94.1500015258789,82.3895492553711,16108501
2009-06-11,94.1500015258789,102.75,91.80000305175781,101.4000015258789,88.73396301269531,26673066
2009-06-12,101.0,106.5,99.19999694824219,100.80000305175781,88.20890045166016,35767252
2009-06-15,104.30000305175781,104.30000305175781,94.0999984741211,95.9000015258789,83.92097473144531,12588199
2009-06-16,94.0,99.75,92.05000305175781,99.1500015258789,86.76500701904297,10272198
2009-06-17,98.80000305175781,98.8499984741211,92.0999984741211,94.0,82.25830841064453,10272162
2009-06-18,95.0,95.94999694824219,86.25,87.3499984741211,76.43896484375,13181559
2009-06-19,90.0,90.0,83.3499984741211,88.1500015258789,77.13904571533203,9570296
2009-06-22,88.80000305175781,90.5999984741211,83.5,84.25,73.7261962890625,13044698
2009-06-23,83.0,83.0,78.6500015258789,81.5999984741211,71.4072036743164,14223560
2009-06-24,83.9000015258789,84.80000305175781,81.6500015258789,83.8499984741211,73.37615203857422,8899060
2009-06-25,85.0,87.4000015258789,83.5999984741211,84.44999694824219,73.90120697021484,11650157
2009-06-26,86.30000305175781,88.30000305175781,85.0,86.69999694824219,75.87016296386719,11675776
2009-06-29,87.5,89.30000305175781,86.0,87.8499984741211,76.87650299072266,7194160
2009-06-30,87.5,88.8499984741211,85.0,86.44999694824219,75.6513900756836,13588103
2009-07-01,85.0,85.6500015258789,80.19999694824219,83.5,73.06987762451172,10198425
2009-07-02,87.0,87.0,83.05000305175781,84.80000305175781,74.20751190185547,7219780
2009-07-03,84.5999984741211,84.94999694824219,83.0,83.80000305175781,73.3324203491211,3615252
2009-07-06,84.0999984741211,84.80000305175781,77.25,78.0,68.25688934326172,6844218
2009-07-07,79.80000305175781,79.80000305175781,76.0,78.05000305175781,68.30064392089844,4275047
2009-07-08,77.0,79.4000015258789,73.5999984741211,77.5999984741211,67.90685272216797,9885111
2009-07-09,79.0,79.5,75.0,76.05000305175781,66.55047607421875,5420692
2009-07-10,77.0,77.4000015258789,71.69999694824219,72.80000305175781,63.70643997192383,3865598
2009-07-13,72.5,72.5,68.1500015258789,70.30000305175781,61.51871109008789,5742302
2009-07-14,72.6500015258789,74.94999694824219,71.30000305175781,73.5999984741211,64.40650939941406,4247865
2009-07-15,74.5,80.1500015258789,74.5,79.5999984741211,69.65704345703125,6249551
2009-07-16,80.9000015258789,82.9000015258789,70.0,79.19999694824219,69.30699157714844,8050094
2009-07-17,80.19999694824219,85.19999694824219,79.69999694824219,84.30000305175781,73.76992797851562,7840029
2009-07-20,86.0,89.94999694824219,83.5,89.0,77.88285827636719,11459807
2009-07-21,90.9000015258789,90.9000015258789,86.0,88.5999984741211,77.5328140258789,7945755
2009-07-22,88.4000015258789,91.8499984741211,84.25,85.5999984741211,74.90756225585938,10718301
2009-07-23,86.0999984741211,91.5,86.0999984741211,90.80000305175781,79.45801544189453,10546531
2009-07-24,91.25,94.25,90.69999694824219,93.80000305175781,82.08329010009766,10107288
2009-07-27,94.0,95.6500015258789,91.80000305175781,93.0999984741211,81.47073364257812,6466737
2009-07-28,94.0,94.5,91.80000305175781,93.75,82.0395278930664,5510406
2009-07-29,93.0,95.3499984741211,86.94999694824219,94.5999984741211,82.78335571289062,10408630
2009-07-30,93.9000015258789,95.75,90.55000305175781,93.80000305175781,82.08329010009766,9809972
2009-07-31,94.8499984741211,102.69999694824219,94.6500015258789,100.30000305175781,87.77137756347656,19802427
2009-08-03,105.0,109.4000015258789,101.25,108.30000305175781,94.7720718383789,22237601
2009-08-04,108.9000015258789,116.0,108.0,112.9000015258789,98.79747772216797,37980117
2009-08-05,114.0999984741211,114.5,108.3499984741211,110.8499984741211,97.0035400390625,19760095
2009-08-06,110.0,111.3499984741211,101.69999694824219,103.5,90.5716552734375,15401753
2009-08-07,101.0,103.3499984741211,99.05000305175781,101.3499984741211,88.69019317626953,12576733
2009-08-10,102.3499984741211,106.30000305175781,99.6500015258789,101.8499984741211,89.12776184082031,12831031
2009-08-11,95.25,106.4000015258789,95.25,105.44999694824219,92.27806091308594,10990187
2009-08-12,104.69999694824219,105.30000305175781,100.05000305175781,103.55000305175781,90.61540985107422,10913902
2009-08-13,106.0999984741211,109.0,105.30000305175781,108.69999694824219,95.12210845947266,11631313
2009-08-14,109.05000305175781,112.4000015258789,106.69999694824219,108.3499984741211,94.8158187866211,13020635
2009-08-17,105.0999984741211,106.1500015258789,99.80000305175781,100.25,87.72760009765625,8611829
2009-08-18,100.0,106.9000015258789,99.44999694824219,106.55000305175781,93.24065399169922,14272343
2009-08-19,107.0,109.19999694824219,102.0999984741211,102.69999694824219,89.87157440185547,11701671
2009-08-20,104.0,106.8499984741211,102.5,103.25,90.35286712646484,8391589
2009-08-21,102.0,104.80000305175781,101.0,104.05000305175781,91.05294799804688,7938408
2009-08-24,108.0,110.0999984741211,105.80000305175781,108.44999694824219,94.9033432006836,9105532
2009-08-25,107.0,109.8499984741211,105.80000305175781,107.94999694824219,94.46578216552734,9016841
2009-08-26,108.3499984741211,111.0,106.5999984741211,107.05000305175781,93.6781997680664,8131129
2009-08-27,106.0,107.9000015258789,105.25,106.05000305175781,92.80313873291016,6427171
2009-08-28,107.0,109.9000015258789,105.30000305175781,109.0999984741211,95.47213745117188,10119502
2009-08-31,105.0,107.8499984741211,104.5999984741211,106.0,92.75935363769531,7039757
2009-09-01,106.05000305175781,108.4000015258789,102.3499984741211,104.0999984741211,91.0967025756836,8672815
2009-09-02,102.5999984741211,105.80000305175781,101.05000305175781,103.8499984741211,90.87791442871094,5290078
2009-09-03,104.8499984741211,105.80000305175781,102.55000305175781,103.0,90.13410186767578,4720632
2009-09-04,103.0,106.0,103.0,105.19999694824219,92.05928802490234,7420446
2009-09-07,106.0,108.9000015258789,106.0,108.4000015258789,94.85958099365234,5628830
2009-09-08,109.9000015258789,115.55000305175781,109.25,114.94999694824219,100.5914077758789,23662331
2009-09-09,114.0,120.94999694824219,114.0,120.19999694824219,105.18560791015625,25896323
2009-09-10,120.9000015258789,124.25,115.8499984741211,116.9000015258789,103.4598159790039,22259415
2009-09-11,119.0,124.9000015258789,117.5,124.4000015258789,110.09754180908203,27994078
2009-09-14,123.0,124.0,120.19999694824219,120.8499984741211,106.9556884765625,11761901
2009-09-15,121.5,126.0,120.0,125.19999694824219,110.80555725097656,11187611
2009-09-16,127.0,131.89999389648438,124.0,131.10000610351562,116.0272216796875,21064348
2009-09-17,133.0,139.60000610351562,130.5,136.39999389648438,120.71784973144531,25905479
2009-09-18,136.39999389648438,139.89999389648438,125.4000015258789,138.25,122.35514831542969,23495959
2009-09-22,138.35000610351562,139.4499969482422,135.10000610351562,137.10000610351562,121.33737182617188,9907966
2009-09-23,138.89999389648438,138.89999389648438,134.0500030517578,134.4499969482422,118.9920654296875,5062476
2009-09-24,133.5500030517578,133.5500030517578,128.1999969482422,129.0,114.16864013671875,14754837
2009-09-25,127.5,128.75,125.0999984741211,126.69999694824219,112.13309478759766,7578263
2009-09-29,128.60000610351562,130.9499969482422,126.4000015258789,126.9000015258789,112.31009674072266,7454430
2009-09-30,126.9000015258789,130.10000610351562,126.30000305175781,129.0500030517578,114.2129135131836,9166505
2009-10-01,130.0,130.0,125.5999984741211,126.80000305175781,112.22159576416016,6583568
2009-10-05,125.5,125.5999984741211,116.69999694824219,118.0,104.433349609375,8573519
2009-10-06,120.0,125.9000015258789,118.55000305175781,125.3499984741211,110.93830108642578,13273945
2009-10-07,126.0,129.9499969482422,126.0,127.05000305175781,112.44284057617188,14121904
2009-10-08,129.6999969482422,132.39999389648438,127.5,129.25,114.3899154663086,13561511
2009-10-09,132.0,132.0,127.25,128.10000610351562,113.37213134765625,6201427
2009-10-12,129.0,129.35000610351562,126.0999984741211,128.89999389648438,114.08016204833984,7461726
2009-10-13,128.89999389648438,128.89999389648438,128.89999389648438,128.89999389648438,114.08016204833984,0
2009-10-14,130.25,136.6999969482422,128.85000610351562,135.39999389648438,119.83284759521484,13607425
2009-10-15,136.75,138.14999389648438,133.60000610351562,135.0,119.47883605957031,10807125
2009-10-16,135.10000610351562,137.6999969482422,132.25,136.0,120.36383819580078,5610401
2009-10-20,136.1999969482422,142.8000030517578,135.5,141.14999389648438,124.9217529296875,13940974
2009-10-21,142.0,144.4499969482422,139.6999969482422,141.25,125.01022338867188,8529756
2009-10-22,141.6999969482422,143.1999969482422,136.64999389648438,137.9499969482422,122.08966064453125,6850303
2009-10-23,141.0,143.5,139.5,141.4499969482422,125.18727111816406,7314998
2009-10-26,143.0,143.14999389648438,136.64999389648438,137.3000030517578,121.51441955566406,7101260
2009-10-27,135.1999969482422,135.89999389648438,124.55000305175781,126.0999984741211,111.60208892822266,8486550
2009-10-28,123.5999984741211,129.0,121.0,123.4000015258789,109.21249389648438,13591156
2009-10-29,120.80000305175781,124.3499984741211,118.80000305175781,120.25,106.42467498779297,13069703
2009-10-30,122.30000305175781,127.55000305175781,120.0,121.8499984741211,107.84070587158203,9909581
2009-11-03,118.4000015258789,118.4000015258789,106.30000305175781,109.0,96.46808624267578,10815755
2009-11-04,112.0,120.0,109.9000015258789,119.1500015258789,105.45114135742188,10191535
2009-11-05,119.0,126.3499984741211,116.5,125.25,110.84980773925781,11884390
2009-11-06,127.9000015258789,128.9499969482422,124.1500015258789,125.69999694824219,111.24807739257812,7202640
2009-11-09,126.5,130.3000030517578,125.05000305175781,129.4499969482422,114.56693267822266,5037560
2009-11-10,131.14999389648438,131.89999389648438,126.05000305175781,126.5,111.95608520507812,7651401
2009-11-11,127.0999984741211,132.3000030517578,125.1500015258789,131.85000610351562,116.69100189208984,7164613
2009-11-12,132.0,133.0,127.5999984741211,129.0500030517578,114.2129135131836,7172861
2009-11-13,129.0,131.89999389648438,128.0,130.85000610351562,115.80597686767578,4249573
2009-11-16,132.1999969482422,135.5,131.5,134.39999389648438,118.94779968261719,5650587
2009-11-17,135.0,136.75,132.60000610351562,135.14999389648438,119.61158752441406,7001544
2009-11-18,134.6999969482422,135.75,133.0,134.64999389648438,119.1690673828125,5222250
2009-11-19,134.0500030517578,136.89999389648438,128.6999969482422,130.10000610351562,115.1421890258789,11518480
2009-11-20,128.0,135.0,126.0,134.60000610351562,119.12481689453125,5639315
2009-11-23,135.10000610351562,135.5,130.9499969482422,133.1999969482422,117.88578796386719,6283466
2009-11-24,132.89999389648438,136.4499969482422,131.4499969482422,134.5500030517578,119.08056640625,12360283
2009-11-25,134.25,136.4499969482422,133.5,135.0,119.47883605957031,7600363
2009-11-26,135.0,140.8000030517578,132.0,133.10000610351562,117.79727935791016,20109641
2009-11-27,130.0,134.5,125.30000305175781,132.85000610351562,117.57601928710938,12637738
2009-11-30,134.9499969482422,139.89999389648438,134.14999389648438,138.10000610351562,122.2224349975586,9026334
2009-12-01,138.5,142.5,138.5,142.10000610351562,125.76253509521484,8121954
2009-12-02,143.3000030517578,145.64999389648438,141.6999969482422,142.75,126.33779907226562,10498518
2009-12-03,144.1999969482422,147.8000030517578,143.25,146.0500030517578,129.25840759277344,13649298
2009-12-04,145.0,150.39999389648438,145.0,147.25,130.32041931152344,14884929
2009-12-07,147.5,147.6999969482422,140.25,142.6999969482422,126.29354095458984,13469654
2009-12-08,143.0,146.9499969482422,142.4499969482422,146.10000610351562,129.3026580810547,7638586
2009-12-09,142.10000610351562,145.75,140.89999389648438,141.75,125.4527587890625,7631232
2009-12-10,142.6999969482422,145.0,141.75,143.0,126.55906677246094,7513040
2009-12-11,144.75,145.4499969482422,140.8000030517578,141.89999389648438,125.5855484008789,6298670
2009-12-14,141.89999389648438,145.25,139.5,140.14999389648438,124.0367202758789,10820961
2009-12-15,141.75,143.75,140.3000030517578,141.60000610351562,125.31999969482422,10382527
2009-12-16,139.8000030517578,144.64999389648438,139.8000030517578,143.0500030517578,126.603271484375,7909278
2009-12-17,143.5,146.9499969482422,142.85000610351562,145.14999389648438,128.46185302734375,8700401
2009-12-18,145.5,145.5,141.60000610351562,142.85000610351562,126.42628479003906,8086898
2009-12-21,143.0,144.6999969482422,136.25,137.14999389648438,121.38163757324219,6516696
2009-12-22,138.14999389648438,142.9499969482422,138.0,142.4499969482422,126.07229614257812,7500212
2009-12-23,143.0,155.89999389648438,142.3000030517578,153.39999389648438,135.7633819580078,20794471
2009-12-24,153.85000610351562,159.89999389648438,152.14999389648438,158.14999389648438,139.96719360351562,21658847
2009-12-29,152.25,162.8000030517578,152.25,162.0,143.37460327148438,16533655
2009-12-30,163.0,163.0,158.5,159.89999389648438,141.51605224609375,15195007
2009-12-31,160.4499969482422,162.1999969482422,158.8000030517578,160.85000610351562,142.3568115234375,13651988
2010-01-04,162.0,164.39999389648438,160.1999969482422,163.5,144.70213317871094,5677267
2010-01-05,165.10000610351562,179.8000030517578,164.0,175.1999969482422,155.05697631835938,32066373
2010-01-06,175.85000610351562,175.89999389648438,168.75,171.0500030517578,151.38412475585938,18459749
2010-01-07,175.14999389648438,176.75,171.89999389648438,175.14999389648438,155.01272583007812,15284125
2010-01-08,175.0,176.89999389648438,172.5,173.3000030517578,153.3754425048828,10197755
2010-01-11,174.5,176.6999969482422,170.60000610351562,171.6999969482422,151.95938110351562,11270777
2010-01-12,172.0,173.0,166.5,167.85000610351562,148.55201721191406,14443143
2010-01-13,164.9499969482422,172.1999969482422,164.3000030517578,171.14999389648438,151.4726104736328,16146039
2010-01-14,172.0,172.89999389648438,169.5,170.85000610351562,151.2071075439453,7547095
2010-01-15,171.0,171.75,165.75,166.60000610351562,147.4457244873047,4959476
2010-01-18,166.1999969482422,168.89999389648438,165.39999389648438,167.25,148.02098083496094,7243749
2010-01-19,166.0,168.9499969482422,162.0,163.0,144.25962829589844,7199947
2010-01-20,163.0,167.14999389648438,162.60000610351562,165.75,146.6934356689453,8116917
2010-01-21,165.0,165.75,161.6999969482422,162.85000610351562,144.1268768310547,12563207
2010-01-22,160.10000610351562,163.10000610351562,155.25,161.35000610351562,142.79933166503906,13929809
2010-01-25,161.10000610351562,165.6999969482422,157.25,159.1999969482422,140.89646911621094,16233827
2010-01-27,156.5,157.39999389648438,148.64999389648438,150.0500030517578,132.79852294921875,11669010
2010-01-28,150.64999389648438,156.35000610351562,145.8000030517578,148.0,130.98419189453125,10480370
2010-01-29,147.0,149.0,139.8000030517578,147.35000610351562,130.40895080566406,12497942
2010-02-01,145.0,151.5,142.1999969482422,149.39999389648438,132.2232208251953,11674392
2010-02-02,152.0,155.75,150.25,151.0500030517578,133.68353271484375,17608116
2010-02-03,152.10000610351562,157.4499969482422,152.10000610351562,156.25,138.28567504882812,8298172
2010-02-04,147.0,155.0,144.1999969482422,146.14999389648438,129.3468780517578,9673582
2010-02-05,142.39999389648438,143.4499969482422,136.3000030517578,138.14999389648438,122.26665496826172,14972307
2010-02-08,137.0,143.8000030517578,133.6999969482422,136.1999969482422,120.54087829589844,19708455
2010-02-09,137.0,138.25,133.5500030517578,134.39999389648438,118.94779968261719,18330897
2010-02-10,136.0,140.75,135.0,136.5,120.80638885498047,14882092
2010-02-11,137.25,140.35000610351562,137.0,138.25,122.35514831542969,7393889
2010-02-15,139.0,141.6999969482422,137.64999389648438,140.85000610351562,124.65624237060547,10201088
2010-02-16,141.89999389648438,146.5,139.5,145.39999389648438,128.68310546875,8799233
2010-02-17,147.89999389648438,154.8000030517578,147.4499969482422,152.75,135.18807983398438,17420796
2010-02-18,153.39999389648438,154.8000030517578,150.3000030517578,152.60000610351562,135.05532836914062,19301034
2010-02-19,151.0,152.25,146.39999389648438,149.89999389648438,132.66575622558594,16060506
2010-02-22,151.89999389648438,156.5,151.89999389648438,154.14999389648438,136.42718505859375,13256828
2010-02-23,153.5,156.39999389648438,151.85000610351562,154.8000030517578,137.00238037109375,11954477
2010-02-24,154.0,158.39999389648438,151.89999389648438,155.0,137.17941284179688,14604618
2010-02-25,156.0,156.9499969482422,152.10000610351562,153.35000610351562,135.71910095214844,10630962
2010-02-26,154.0,164.89999389648438,153.35000610351562,162.64999389648438,143.94985961914062,22690392
2010-03-02,164.0,172.8000030517578,163.60000610351562,169.25,149.79107666015625,16002606
2010-03-03,170.0,172.64999389648438,168.64999389648438,171.4499969482422,151.73812866210938,12093085
2010-03-04,171.0,171.0,167.14999389648438,169.1999969482422,149.74681091308594,9418953
2010-03-05,169.0,172.5,167.39999389648438,168.0,148.68479919433594,8038800
2010-03-08,170.10000610351562,171.10000610351562,165.14999389648438,166.1999969482422,147.09170532226562,6279658
2010-03-09,167.8000030517578,167.8000030517578,161.5,162.10000610351562,143.4630889892578,7726110
2010-03-10,163.0,165.1999969482422,160.75,162.6999969482422,143.9940948486328,6348450
2010-03-11,162.89999389648438,162.89999389648438,158.14999389648438,159.75,141.38327026367188,8638775
2010-03-12,160.8000030517578,166.64999389648438,159.8000030517578,165.0500030517578,146.07394409179688,13238296
2010-03-15,165.0,168.0,162.60000610351562,165.64999389648438,146.60494995117188,8289897
2010-03-16,160.39999389648438,170.35000610351562,160.39999389648438,169.5500030517578,150.0565948486328,7951866
2010-03-17,169.3000030517578,174.6999969482422,169.3000030517578,173.4499969482422,153.50819396972656,11135993
2010-03-18,175.0,177.8000030517578,172.5500030517578,176.35000610351562,156.0747528076172,9317430
2010-03-19,176.60000610351562,177.89999389648438,174.3000030517578,175.60000610351562,155.41098022460938,5724048
2010-03-22,174.0,174.85000610351562,168.60000610351562,169.25,149.79107666015625,6053740
2010-03-23,170.10000610351562,171.6999969482422,168.10000610351562,170.4499969482422,150.85305786132812,5860011
2010-03-25,169.8000030517578,180.0,169.10000610351562,177.64999389648438,157.22528076171875,19185843
2010-03-26,178.0,180.4499969482422,176.5500030517578,178.64999389648438,158.11033630371094,6747907
2010-03-29,170.1999969482422,185.9499969482422,170.1999969482422,184.25,163.06646728515625,11598451
2010-03-30,184.8000030517578,186.89999389648438,183.39999389648438,183.9499969482422,162.8009490966797,8173731
2010-03-31,184.0,185.3000030517578,179.60000610351562,181.25,160.41139221191406,10320209
2010-04-01,182.0,184.6999969482422,180.60000610351562,183.75,162.62396240234375,5545989
2010-04-05,184.0,187.9499969482422,183.89999389648438,187.25,165.72154235839844,5644992
2010-04-06,187.25,188.39999389648438,183.75,184.60000610351562,163.37625122070312,4279282
2010-04-07,184.60000610351562,186.64999389648438,182.6999969482422,184.60000610351562,163.37625122070312,4052396
2010-04-08,184.6999969482422,185.0,175.64999389648438,176.5,156.20750427246094,7047391
2010-04-09,177.0,180.8000030517578,177.0,178.8000030517578,158.24307250976562,4913419
2010-04-12,180.5,193.0,179.0,180.25,159.5263671875,5309602
2010-04-13,180.3000030517578,181.39999389648438,176.5,178.35000610351562,157.84481811523438,4145545
2010-04-15,179.1999969482422,182.25,175.8000030517578,176.75,156.42877197265625,4625447
2010-04-16,178.0,178.0,171.9499969482422,174.5,154.43746948242188,6664000
2010-04-19,173.0,178.9499969482422,170.0,178.1999969482422,157.71205139160156,12455984
2010-04-20,178.89999389648438,182.25,178.25,181.6999969482422,160.80966186523438,8587205
2010-04-21,182.5,183.64999389648438,179.39999389648438,179.8000030517578,159.1280975341797,5585171
2010-04-22,179.0,182.14999389648438,176.8000030517578,179.75,159.08383178710938,6094865
2010-04-23,179.75,180.5,177.75,178.1999969482422,157.71205139160156,4148358
2010-04-26,178.3000030517578,185.1999969482422,178.3000030517578,184.14999389648438,162.9779510498047,6101678
2010-04-27,184.0,184.8000030517578,182.14999389648438,183.75,162.62396240234375,5788376
2010-04-28,180.0,180.89999389648438,171.1999969482422,179.3000030517578,158.6855926513672,4410958
2010-04-29,180.35000610351562,181.25,178.5500030517578,180.3000030517578,159.5706024169922,3742301
2010-04-30,179.9499969482422,181.25,177.75,178.5,157.9775848388672,5092041
2010-05-03,176.0,176.6999969482422,171.39999389648438,172.9499969482422,153.0656280517578,7007902
2010-05-04,173.25,174.5,161.64999389648438,162.9499969482422,144.21539306640625,9213219
2010-05-05,158.0,165.0,157.6999969482422,163.64999389648438,144.83489990234375,12121034
2010-05-06,163.5,164.9499969482422,158.5,164.0,145.14466857910156,8407320
2010-05-07,161.0,164.85000610351562,158.0,163.0,144.25962829589844,8305759
2010-05-10,164.0,176.25,164.0,175.4499969482422,155.27822875976562,11428497
2010-05-11,178.0,178.0,168.60000610351562,169.9499969482422,150.4105987548828,10787989
2010-05-12,170.25,173.35000610351562,167.14999389648438,170.64999389648438,151.03009033203125,8811855
2010-05-13,171.0,172.89999389648438,168.10000610351562,169.25,149.79107666015625,5452913
2010-05-14,168.0,169.9499969482422,162.6999969482422,163.39999389648438,144.61363220214844,5912915
2010-05-17,161.8000030517578,166.3000030517578,158.1999969482422,163.85000610351562,145.0119171142578,8852193
2010-05-18,163.5,165.39999389648438,160.14999389648438,162.85000610351562,144.1268768310547,7653429
2010-05-19,160.0,162.75,154.6999969482422,156.5,138.5069580078125,7369071
2010-05-20,158.0,159.25,154.1999969482422,156.5500030517578,138.55120849609375,7011103
2010-05-21,154.0,154.0,148.6999969482422,151.64999389648438,134.2145538330078,11850986
2010-05-24,152.10000610351562,155.64999389648438,144.1999969482422,145.60000610351562,128.8601531982422,8318493
2010-05-25,142.0,144.89999389648438,135.64999389648438,137.75,121.91267395019531,14806296
2010-05-26,139.0,149.5,138.60000610351562,148.1999969482422,131.1612091064453,18968080
2010-05-27,146.0,149.5500030517578,143.64999389648438,148.39999389648438,131.33819580078125,16103054
2010-05-28,150.89999389648438,155.6999969482422,149.3000030517578,150.89999389648438,133.55079650878906,20244094
2010-05-31,150.89999389648438,150.89999389648438,145.60000610351562,150.25,132.97552490234375,9454632
2010-06-01,149.6999969482422,150.9499969482422,142.85000610351562,143.60000610351562,127.090087890625,11739507
2010-06-02,143.0,145.3000030517578,139.60000610351562,142.6999969482422,126.29354095458984,14440374
2010-06-03,145.0,147.5,144.25,145.9499969482422,129.16990661621094,11215040
2010-06-04,146.0,148.8000030517578,143.60000610351562,147.60000610351562,130.63015747070312,19675237
2010-06-07,142.0,144.89999389648438,135.0,140.64999389648438,124.47924041748047,12602534
2010-06-08,141.0,142.4499969482422,131.3000030517578,132.14999389648438,116.95650482177734,21279339
2010-06-09,134.1999969482422,136.25,129.35000610351562,132.9499969482422,117.66451263427734,40781259
2010-06-10,134.6999969482422,139.1999969482422,132.6999969482422,138.5,122.5764389038086,28929979
2010-06-11,140.0,141.4499969482422,137.39999389648438,139.5,123.46145629882812,23380410
2010-06-14,141.4499969482422,144.0,140.0500030517578,143.25,126.78033447265625,14760925
2010-06-15,143.8000030517578,145.39999389648438,141.5,144.75,128.1078643798828,10650397
2010-06-16,146.0,147.6999969482422,143.9499969482422,145.14999389648438,128.46185302734375,14186472
2010-06-17,145.9499969482422,147.8000030517578,142.35000610351562,146.75,129.87791442871094,13790916
2010-06-18,146.0,146.60000610351562,142.5500030517578,145.35000610351562,128.63888549804688,12393937
2010-06-21,147.5500030517578,154.60000610351562,146.8000030517578,153.60000610351562,135.94036865234375,17769311
2010-06-22,153.0,153.35000610351562,149.75,151.64999389648438,134.2145538330078,12104604
2010-06-23,148.89999389648438,153.3000030517578,148.5500030517578,152.0,134.52430725097656,11656511
2010-06-24,151.6999969482422,153.25,149.39999389648438,151.0,133.63929748535156,14169449
2010-06-25,151.0,151.39999389648438,147.89999389648438,148.5,131.42672729492188,8872985
2010-06-28,149.89999389648438,151.5,149.1999969482422,150.64999389648438,133.3295440673828,6726186
2010-06-29,149.8000030517578,150.39999389648438,142.5,144.1999969482422,127.6210708618164,14194437
2010-06-30,143.0,144.9499969482422,140.75,144.5,127.88658905029297,17415650
2010-07-01,143.0,143.89999389648438,141.0,142.9499969482422,126.51481628417969,9715574
2010-07-02,142.9499969482422,145.39999389648438,141.60000610351562,143.75,127.22284698486328,10262312
2010-07-05,144.8000030517578,144.8000030517578,141.25,141.64999389648438,125.36425018310547,4280612
2010-07-06,142.0,145.0,141.5,143.85000610351562,127.31133270263672,7527587
2010-07-07,144.9499969482422,144.9499969482422,141.0500030517578,142.0,125.67404174804688,6342134
2010-07-08,142.5,145.4499969482422,142.5,144.85000610351562,128.19639587402344,8500986
2010-07-09,145.0,149.89999389648438,145.0,149.0,131.86924743652344,12103941
2010-07-12,149.0,151.5,148.5500030517578,149.5,132.3117218017578,6830506
2010-07-13,150.0,151.89999389648438,148.25,151.3000030517578,133.90478515625,8575696
2010-07-14,153.1999969482422,154.8000030517578,149.35000610351562,150.64999389648438,133.3295440673828,12395429
2010-07-15,150.0,151.85000610351562,149.0500030517578,150.89999389648438,133.55079650878906,8889649
2010-07-16,150.5,151.4499969482422,149.89999389648438,150.14999389648438,132.88699340820312,4468616
2010-07-19,148.0,153.35000610351562,148.0,152.60000610351562,135.05532836914062,9645201
2010-07-20,153.0,155.39999389648438,152.10000610351562,152.8000030517578,135.2323455810547,7837473
2010-07-21,153.5,157.0,153.35000610351562,156.4499969482422,138.46267700195312,8207899
2010-07-22,157.0,158.10000610351562,155.35000610351562,157.89999389648438,139.74598693847656,7704895
2010-07-23,158.8000030517578,159.3000030517578,157.0,158.10000610351562,139.9230194091797,7324402
2010-07-26,158.5,159.10000610351562,155.10000610351562,155.5500030517578,137.66616821289062,3736244
2010-07-27,156.8000030517578,159.3000030517578,156.0,157.25,139.17071533203125,4977694
2010-07-28,157.1999969482422,159.1999969482422,157.0,158.3000030517578,140.10000610351562,4181762
2010-07-29,157.0,162.0,157.0,161.0,142.48956298828125,7867795
2010-07-30,160.5,162.89999389648438,159.5500030517578,160.35000610351562,141.91427612304688,7013058
2010-08-02,161.39999389648438,165.0,161.39999389648438,164.39999389648438,145.4986572265625,5540710
2010-08-03,165.5500030517578,166.9499969482422,162.10000610351562,165.5,146.47219848632812,10320953
2010-08-04,165.39999389648438,166.5,163.5500030517578,165.5,146.47219848632812,4790269
2010-08-05,166.0,167.6999969482422,164.75,165.1999969482422,146.20668029785156,5043808
2010-08-06,165.0,166.25,163.0500030517578,164.0,145.14466857910156,2925175
2010-08-09,164.25,167.5,163.75,167.0500030517578,147.843994140625,3014407
2010-08-10,167.0,169.5,162.39999389648438,163.60000610351562,144.7906494140625,7271355
2010-08-11,163.8000030517578,170.3000030517578,163.1999969482422,164.5500030517578,145.6314239501953,15462609
2010-08-12,163.0,167.89999389648438,162.0,167.0,147.7997283935547,7146376
2010-08-13,166.75,169.8000030517578,164.8000030517578,166.0500030517578,146.95895385742188,4460420
2010-08-16,166.25,169.0,162.10000610351562,164.64999389648438,145.7199249267578,5587990
2010-08-17,164.60000610351562,169.60000610351562,164.60000610351562,168.14999389648438,148.81752014160156,6803834
2010-08-18,169.0,177.0,168.75,176.10000610351562,155.853515625,10047685
2010-08-19,179.89999389648438,189.0,174.6999969482422,179.8000030517578,159.1280975341797,14282508
2010-08-20,179.5,179.89999389648438,176.3000030517578,178.5500030517578,158.02182006835938,6310503
2010-08-23,176.0,178.9499969482422,173.8000030517578,175.5500030517578,155.3667449951172,4126181
2010-08-24,176.5,176.5,167.5500030517578,168.5,150.28298950195312,5685105
2010-08-25,168.0,168.0,162.10000610351562,163.64999389648438,145.95733642578125,7169610
2010-08-26,165.0,166.1999969482422,160.0500030517578,164.0500030517578,146.3140869140625,4902050
2010-08-27,163.5,167.75,162.3000030517578,164.0,146.26947021484375,6715308
2010-08-30,165.5500030517578,168.25,164.75,167.0500030517578,148.98974609375,3701636
2010-08-31,165.89999389648438,167.0,162.35000610351562,166.39999389648438,148.40997314453125,4613836
2010-09-01,167.60000610351562,174.85000610351562,166.5,174.25,155.41131591796875,6357838
2010-09-02,175.25,176.5500030517578,172.5500030517578,173.64999389648438,154.87620544433594,4859996
2010-09-03,172.85000610351562,174.75,169.9499969482422,170.4499969482422,152.02215576171875,3253678
2010-09-06,173.0,180.14999389648438,173.0,178.9499969482422,159.6031951904297,7832701
2010-09-07,177.5,182.75,177.5,180.6999969482422,161.16400146484375,7569714
2010-09-08,179.39999389648438,182.39999389648438,178.35000610351562,181.3000030517578,161.6991424560547,5074604
2010-09-09,181.5,183.89999389648438,177.6999969482422,182.39999389648438,162.68020629882812,8061672
2010-09-13,183.5,192.5,183.0,191.0500030517578,170.3950653076172,9713766
2010-09-14,191.85000610351562,192.5,185.14999389648438,186.4499969482422,166.29234313964844,9656480
2010-09-15,186.0,192.85000610351562,186.0,189.9499969482422,169.4139404296875,7910999
2010-09-16,189.0,191.6999969482422,185.0500030517578,186.10000610351562,165.980224609375,5635160
2010-09-17,187.0,191.25,187.0,189.0500030517578,168.6112518310547,11068914
2010-09-20,189.0,195.0,187.14999389648438,193.9499969482422,172.98150634765625,8555553
2010-09-21,193.9499969482422,195.14999389648438,189.3000030517578,191.60000610351562,170.88555908203125,6149036
2010-09-22,191.9499969482422,193.64999389648438,187.39999389648438,189.75,169.23558044433594,6502506
2010-09-23,190.0,192.14999389648438,187.8000030517578,189.6999969482422,169.19097900390625,3745657
2010-09-24,189.6999969482422,192.25,189.1999969482422,191.14999389648438,170.4842071533203,4633382
2010-09-27,192.0,199.6999969482422,192.0,196.85000610351562,175.56797790527344,9955954
2010-09-28,197.0,198.0,192.14999389648438,196.0,174.80984497070312,5409781
2010-09-29,197.0,198.4499969482422,190.3000030517578,191.5500030517578,170.84097290039062,7087483
2010-09-30,192.0,198.6999969482422,188.8000030517578,197.0500030517578,175.74635314941406,9800700
2010-10-01,197.5,205.39999389648438,195.8000030517578,204.35000610351562,182.2571258544922,10584850
2010-10-04,206.0,210.25,204.3000030517578,205.89999389648438,183.63955688476562,8647304
2010-10-05,205.89999389648438,208.0,201.89999389648438,203.0500030517578,181.0977020263672,5160231
2010-10-06,207.6999969482422,212.64999389648438,205.5,210.4499969482422,187.6976318359375,7781453
2010-10-07,212.0,217.3000030517578,209.0,211.8000030517578,188.9016876220703,11713223
2010-10-08,211.8000030517578,217.25,210.8000030517578,214.6999969482422,191.48814392089844,8710910
2010-10-11,215.0500030517578,219.0,214.14999389648438,215.10000610351562,191.8449249267578,6017757
2010-10-12,213.0,215.75,207.1999969482422,210.6999969482422,187.92062377929688,5762596
2010-10-13,212.0,217.10000610351562,212.0,216.4499969482422,193.04896545410156,6387491
2010-10-14,217.4499969482422,219.0500030517578,214.10000610351562,215.89999389648438,192.55841064453125,6205392
2010-10-15,216.0,217.9499969482422,212.0,212.60000610351562,189.61520385742188,5394069
2010-10-18,222.89999389648438,222.89999389648438,207.1999969482422,211.39999389648438,188.5449676513672,7589379
2010-10-19,212.3000030517578,213.1999969482422,205.5,206.35000610351562,184.04092407226562,6754298
2010-10-20,203.1999969482422,207.35000610351562,201.1999969482422,203.14999389648438,181.18685913085938,5721696
2010-10-21,205.0,214.89999389648438,203.75,213.35000610351562,190.2841033935547,5790174
2010-10-22,213.0,215.25,210.1999969482422,211.89999389648438,188.9908905029297,5742617
2010-10-25,213.25,223.6999969482422,213.25,221.1999969482422,197.28546142578125,11487287
2010-10-26,221.5,222.0,216.1999969482422,217.75,194.20843505859375,3947835
2010-10-27,215.14999389648438,222.5500030517578,214.39999389648438,219.4499969482422,195.72462463378906,9667913
2010-10-28,220.0,220.5,213.35000610351562,216.3000030517578,192.9152069091797,9680145
2010-10-29,216.75,217.25,203.60000610351562,210.5,187.74224853515625,7736689
2010-11-01,214.89999389648438,216.75,211.6999969482422,212.9499969482422,189.92739868164062,3685565
2010-11-02,213.35000610351562,216.0,211.64999389648438,215.35000610351562,192.06788635253906,2738600
2010-11-03,216.64999389648438,220.10000610351562,216.64999389648438,218.89999389648438,195.23410034179688,3361738
2010-11-04,221.6999969482422,228.1999969482422,220.1999969482422,226.4499969482422,201.96783447265625,6030744
2010-11-08,235.60000610351562,239.4499969482422,228.5,230.25,205.3570098876953,8195939
2010-11-09,231.75,234.4499969482422,228.8000030517578,230.75,205.80294799804688,4811001
2010-11-10,225.5,230.6999969482422,221.64999389648438,228.10000610351562,203.43943786621094,11377248
2010-11-11,229.0,238.64999389648438,225.4499969482422,233.9499969482422,208.65696716308594,14312268
2010-11-12,233.0,233.0,221.3000030517578,223.10000610351562,198.9800567626953,6318087
2010-11-15,223.3000030517578,226.0,215.75,224.0500030517578,199.8273162841797,7869039
2010-11-16,224.9499969482422,224.9499969482422,210.9499969482422,211.89999389648438,188.9908905029297,7731879
2010-11-18,213.0,224.39999389648438,206.75,222.1999969482422,198.1773223876953,14490543
2010-11-19,222.25,222.25,210.60000610351562,212.60000610351562,189.61520385742188,8047785
2010-11-22,214.10000610351562,217.9499969482422,212.5500030517578,214.8000030517578,191.57736206054688,5086196
2010-11-23,211.0,213.1999969482422,204.10000610351562,210.8000030517578,188.00979614257812,8267884
2010-11-24,211.0,214.64999389648438,206.1999969482422,207.60000610351562,185.15577697753906,4513480
2010-11-25,209.3000030517578,211.3000030517578,201.10000610351562,202.8000030517578,180.87469482421875,9144666
2010-11-26,205.0,208.5,194.0,200.0500030517578,178.42201232910156,12258516
2010-11-29,198.5,203.64999389648438,197.3000030517578,201.75,179.93821716308594,4500392
2010-11-30,200.0,208.85000610351562,195.60000610351562,206.5500030517578,184.2192840576172,12987805
2010-12-01,207.0500030517578,216.39999389648438,207.0500030517578,213.6999969482422,190.59628295898438,6762722
2010-12-02,217.3000030517578,220.1999969482422,216.3000030517578,218.75,195.10032653808594,7056051
2010-12-03,219.39999389648438,219.89999389648438,212.60000610351562,215.35000610351562,192.06788635253906,4042692
2010-12-06,215.85000610351562,224.89999389648438,215.85000610351562,221.35000610351562,197.4192352294922,7244950
2010-12-07,222.5,228.5,221.5,226.8000030517578,202.27996826171875,9569482
2010-12-08,225.9499969482422,225.9499969482422,220.10000610351562,222.0,197.99891662597656,7545929
2010-12-09,222.10000610351562,223.0500030517578,207.64999389648438,209.75,187.0733184814453,7719510
2010-12-10,207.0,216.75,206.89999389648438,215.3000030517578,192.02330017089844,6190927
2010-12-13,215.9499969482422,222.89999389648438,211.6999969482422,221.60000610351562,197.64219665527344,8199332
2010-12-14,223.0,225.89999389648438,221.14999389648438,224.75,200.45164489746094,5936320
2010-12-15,225.35000610351562,225.75,219.75,222.0500030517578,198.0435333251953,6471004
2010-12-16,221.10000610351562,225.10000610351562,216.25,224.14999389648438,199.91648864746094,6389274
2010-12-20,222.0,226.35000610351562,220.6999969482422,223.9499969482422,199.7381134033203,4555601
2010-12-21,224.39999389648438,235.60000610351562,224.0500030517578,233.60000610351562,208.3448486328125,14269521
2010-12-22,234.89999389648438,238.6999969482422,233.1999969482422,238.10000610351562,212.35833740234375,11748779
2010-12-23,238.1999969482422,239.0,233.0500030517578,233.75,208.47862243652344,5506362
2010-12-24,232.10000610351562,240.5,231.8000030517578,239.60000610351562,213.6961669921875,7848214
2010-12-27,239.0,241.25,235.8000030517578,237.64999389648438,211.9569854736328,4541339
2010-12-28,237.0500030517578,240.3000030517578,236.1999969482422,237.5,211.8231964111328,3782113
2010-12-29,238.5,242.9499969482422,238.25,241.5500030517578,215.43531799316406,5771078
2010-12-30,242.39999389648438,245.1999969482422,240.89999389648438,244.64999389648438,218.20018005371094,6462622
2010-12-31,244.75,247.89999389648438,243.3000030517578,247.0,220.296142578125,5523415
2011-01-03,248.0,249.75,245.39999389648438,246.10000610351562,219.493408203125,3842790
2011-01-04,247.35000610351562,247.89999389648438,241.3000030517578,244.10000610351562,217.70965576171875,6877660
2011-01-05,243.0,249.4499969482422,242.10000610351562,246.5,219.85018920898438,8279087
2011-01-06,249.0,252.85000610351562,246.5,251.35000610351562,224.1758270263672,11312988
2011-01-07,251.4499969482422,251.4499969482422,230.60000610351562,233.3000030517578,208.0772705078125,19294019
2011-01-10,234.64999389648438,234.64999389648438,220.8000030517578,222.10000610351562,198.08811950683594,16700765
2011-01-11,222.0,234.0,222.0,230.60000610351562,205.66917419433594,11698426
2011-01-12,233.75,238.8000030517578,226.4499969482422,237.5,211.8231964111328,10778556
2011-01-13,237.25,240.9499969482422,232.10000610351562,234.25,208.924560546875,7929497
2011-01-14,233.89999389648438,238.75,228.6999969482422,230.0,205.13406372070312,7434960
2011-01-17,228.8000030517578,232.0500030517578,223.75,224.85000610351562,200.5408172607422,8379481
2011-01-18,225.64999389648438,230.60000610351562,225.64999389648438,229.4499969482422,204.6435089111328,5802374
2011-01-19,230.0,237.6999969482422,229.0,235.60000610351562,210.12860107421875,9212642
2011-01-20,232.25,239.75,232.0,236.5,210.9313201904297,8696988
2011-01-21,233.10000610351562,237.0,233.10000610351562,234.4499969482422,209.10292053222656,5496192
2011-01-24,234.5,235.89999389648438,230.1999969482422,232.0500030517578,206.96240234375,4656651
2011-01-25,233.1999969482422,238.6999969482422,232.5,235.10000610351562,209.6826629638672,6623592
2011-01-27,236.0500030517578,238.0,231.5500030517578,232.9499969482422,207.76507568359375,11947821
2011-01-28,232.6999969482422,234.14999389648438,217.60000610351562,223.5500030517578,199.38137817382812,12714864
2011-01-31,220.0,231.39999389648438,217.39999389648438,229.64999389648438,204.82186889648438,10647154
2011-02-01,230.5,233.75,227.6999969482422,229.89999389648438,205.0448455810547,8599323
2011-02-02,232.0,237.89999389648438,231.14999389648438,234.8000030517578,209.4151153564453,9229394
2011-02-03,235.0500030517578,247.0,234.6999969482422,246.0500030517578,219.44882202148438,11916127
2011-02-04,246.5500030517578,251.25,234.5500030517578,236.5500030517578,210.9759063720703,11477428
2011-02-07,236.8000030517578,238.6999969482422,227.9499969482422,232.25,207.1407928466797,11771926
2011-02-08,234.64999389648438,238.9499969482422,231.0500030517578,233.85000610351562,208.56781005859375,10511581
2011-02-09,231.89999389648438,232.1999969482422,217.3000030517578,219.35000610351562,195.6354217529297,12632074
2011-02-10,219.0,220.0500030517578,211.8000030517578,215.75,192.4246368408203,9826787
2011-02-11,216.0,216.9499969482422,201.5500030517578,210.9499969482422,188.14358520507812,15181005
2011-02-14,209.9499969482422,219.89999389648438,203.60000610351562,219.3000030517578,195.59085083007812,12331151
2011-02-15,220.0,220.3000030517578,211.5500030517578,212.39999389648438,189.4368438720703,10513954
2011-02-16,213.35000610351562,215.5500030517578,207.60000610351562,211.64999389648438,188.7678985595703,14446222
2011-02-17,212.0,214.35000610351562,210.5500030517578,211.39999389648438,188.5449676513672,6790520
2011-02-18,212.4499969482422,217.4499969482422,208.3000030517578,209.60000610351562,186.9395294189453,8959222
2011-02-21,210.0500030517578,213.5,205.39999389648438,212.6999969482422,189.70436096191406,7855519
2011-02-22,210.0,214.5500030517578,208.10000610351562,212.1999969482422,189.25843811035156,7735703
2011-02-23,211.25,215.6999969482422,210.39999389648438,212.39999389648438,189.4368438720703,8695832
2011-02-24,210.0,211.9499969482422,203.14999389648438,205.3000030517578,183.1044158935547,13043592
2011-02-25,208.5500030517578,209.0,194.5,200.0500030517578,178.42201232910156,12435933
2011-02-28,201.5,209.35000610351562,196.10000610351562,201.35000610351562,179.5814666748047,13912499
2011-03-01,203.14999389648438,213.35000610351562,202.8000030517578,212.4499969482422,189.48141479492188,10904058
2011-03-03,210.0500030517578,212.60000610351562,205.85000610351562,210.0,187.29629516601562,12801838
2011-03-04,212.0,213.39999389648438,207.5,210.0500030517578,187.34088134765625,8571950
2011-03-07,208.5,211.5,207.64999389648438,210.0,187.29629516601562,8185775
2011-03-08,209.0,212.75,207.5500030517578,211.9499969482422,189.0354766845703,7251481
2011-03-09,212.35000610351562,215.39999389648438,211.1999969482422,213.0,189.97193908691406,6555371
2011-03-10,211.0,211.5500030517578,205.85000610351562,209.3000030517578,186.6719970703125,8001364
2011-03-11,206.5,208.5500030517578,203.5,205.75,183.50575256347656,8250452
2011-03-14,203.8000030517578,209.9499969482422,203.8000030517578,209.10000610351562,186.49359130859375,7810428
2011-03-15,203.25,206.10000610351562,202.6999969482422,204.1999969482422,182.1233673095703,8488763
2011-03-16,205.0500030517578,207.0,202.5,203.14999389648438,181.18685913085938,7450369
2011-03-17,201.25,203.39999389648438,196.85000610351562,197.6999969482422,176.32608032226562,8563200
2011-03-18,199.4499969482422,201.64999389648438,196.10000610351562,196.8000030517578,175.5233917236328,7469107
2011-03-21,198.4499969482422,199.0,190.0500030517578,190.6999969482422,170.08287048339844,10668392
2011-03-22,191.8000030517578,193.4499969482422,189.35000610351562,191.85000610351562,171.1085662841797,5082135
2011-03-23,191.3000030517578,197.0500030517578,190.5500030517578,196.35000610351562,175.12203979492188,7407569
2011-03-24,197.89999389648438,205.35000610351562,197.3000030517578,204.8000030517578,182.65846252441406,9414606
2011-03-25,208.89999389648438,208.89999389648438,204.10000610351562,206.64999389648438,184.3084716796875,6928310
2011-03-28,205.75,208.5500030517578,204.1999969482422,205.6999969482422,183.461181640625,3623626
2011-03-29,205.64999389648438,210.0,204.89999389648438,207.89999389648438,185.42333984375,6142777
2011-03-30,209.5,210.1999969482422,204.39999389648438,205.25,183.059814453125,6814808
2011-03-31,206.0,210.0,203.4499969482422,209.14999389648438,186.53817749023438,9074245
2011-04-01,209.6999969482422,215.0,209.4499969482422,214.25,191.08685302734375,5264467
2011-04-04,214.0500030517578,217.39999389648438,213.5500030517578,215.89999389648438,192.55841064453125,2510590
2011-04-05,216.75,220.0,213.64999389648438,215.4499969482422,192.15708923339844,7722580
2011-04-06,216.89999389648438,217.8000030517578,211.5,212.39999389648438,189.4368438720703,5130496
2011-04-07,212.6999969482422,217.5,212.6999969482422,216.0500030517578,192.6922149658203,4481867
2011-04-08,215.14999389648438,217.5,208.3000030517578,209.0,186.4044189453125,8061529
2011-04-11,207.9499969482422,210.60000610351562,205.89999389648438,207.39999389648438,184.9773712158203,4872688
2011-04-13,206.39999389648438,210.64999389648438,205.0,209.64999389648438,186.98411560058594,7534852
2011-04-15,208.0500030517578,213.4499969482422,208.0500030517578,210.1999969482422,187.47467041015625,6983239
2011-04-18,211.6999969482422,213.10000610351562,203.0500030517578,203.64999389648438,181.63279724121094,5877222
2011-04-19,203.8000030517578,205.9499969482422,200.0,205.0,182.8368682861328,5369332
2011-04-20,206.35000610351562,215.3000030517578,206.25,214.35000610351562,191.17599487304688,7044590
2011-04-21,216.3000030517578,221.39999389648438,216.0,220.8000030517578,196.92864990234375,8777639
2011-04-25,220.85000610351562,221.64999389648438,215.8000030517578,219.1999969482422,195.5016632080078,4171464
2011-04-26,218.75,224.3000030517578,216.5,223.0,198.89083862304688,9563112
2011-04-27,224.1999969482422,224.75,219.10000610351562,220.0500030517578,196.259765625,4931238
2011-04-28,220.75,222.39999389648438,218.1999969482422,219.0500030517578,195.3678741455078,6208592
2011-04-29,219.89999389648438,219.89999389648438,213.10000610351562,216.0500030517578,192.6922149658203,4016688
2011-05-02,216.25,219.8000030517578,212.14999389648438,213.35000610351562,190.2841033935547,3572819
2011-05-03,213.1999969482422,214.60000610351562,204.75,206.35000610351562,184.04092407226562,4197215
2011-05-04,204.64999389648438,208.10000610351562,200.3000030517578,205.4499969482422,183.2382049560547,4422055
2011-05-05,204.0,208.64999389648438,200.60000610351562,201.9499969482422,180.11660766601562,6990527
2011-05-06,200.0500030517578,204.39999389648438,196.8000030517578,201.6999969482422,179.89364624023438,6005053
2011-05-09,202.5,206.25,200.75,202.60000610351562,180.69635009765625,4478705
2011-05-10,204.89999389648438,207.5,201.6999969482422,203.1999969482422,181.2314453125,4393388
2011-05-11,203.64999389648438,205.9499969482422,202.8000030517578,204.85000610351562,182.70310974121094,3543242
2011-05-12,203.25,203.25,193.5500030517578,195.14999389648438,174.05178833007812,8501421
2011-05-13,196.0,202.1999969482422,195.5,197.9499969482422,176.54904174804688,7199317
2011-05-16,197.39999389648438,198.39999389648438,192.5,194.89999389648438,173.82879638671875,6309738
2011-05-17,194.89999389648438,197.35000610351562,191.89999389648438,193.4499969482422,172.5355682373047,3488663
2011-05-18,195.0,198.5,194.3000030517578,196.5500030517578,175.3004150390625,5730595
2011-05-19,196.5500030517578,198.4499969482422,188.25,189.5,169.01263427734375,4390067
2011-05-20,190.9499969482422,195.0,189.75,192.10000610351562,171.33154296875,5082647
2011-05-23,190.10000610351562,191.35000610351562,187.35000610351562,188.60000610351562,168.2099151611328,3466591
2011-05-24,187.0,188.5,183.10000610351562,186.75,166.5598907470703,6722273
2011-05-25,185.9499969482422,188.89999389648438,181.25,183.89999389648438,164.0180206298828,7130170
2011-05-26,186.0,189.35000610351562,185.5,186.5500030517578,166.38153076171875,7213398
2011-05-27,188.0500030517578,199.0,187.0,197.5500030517578,176.19232177734375,8947292
2011-05-30,198.14999389648438,199.5,191.8000030517578,193.0500030517578,172.17881774902344,5704177
2011-05-31,192.8000030517578,198.0,189.5500030517578,197.35000610351562,176.01397705078125,8169408
2011-06-01,198.25,198.75,195.35000610351562,197.3000030517578,175.96932983398438,5579947
2011-06-02,195.0,195.6999969482422,192.39999389648438,194.0,173.02609252929688,3544280
2011-06-03,194.3000030517578,196.5,188.25,189.14999389648438,168.700439453125,4183106
2011-06-06,189.0,190.9499969482422,185.0,186.3000030517578,166.15853881835938,6845086
2011-06-07,186.0,188.4499969482422,185.0,187.6999969482422,167.40719604492188,4683354
2011-06-08,187.0,188.6999969482422,182.5,183.64999389648438,163.79505920410156,6020295
2011-06-09,184.25,185.14999389648438,181.6999969482422,183.0,163.21534729003906,5010354
2011-06-10,183.75,186.0,183.0,184.75,164.776123046875,4951050
2011-06-13,183.85000610351562,183.85000610351562,179.5,180.35000610351562,160.85186767578125,6475200
2011-06-14,181.0,181.8000030517578,176.25,176.75,157.6410369873047,10126516
2011-06-15,177.0,178.64999389648438,172.8000030517578,173.3000030517578,154.5640411376953,9699189
2011-06-16,171.0,174.64999389648438,170.75,173.14999389648438,154.4302520751953,6263926
2011-06-17,175.60000610351562,175.60000610351562,166.6999969482422,169.85000610351562,151.4870147705078,7948451
2011-06-20,170.64999389648438,170.6999969482422,161.6999969482422,168.60000610351562,150.37217712402344,6326296
2011-06-21,169.4499969482422,172.9499969482422,168.0,169.60000610351562,151.26406860351562,6029770
2011-06-22,171.39999389648438,171.60000610351562,166.14999389648438,167.64999389648438,149.52484130859375,4528233
2011-06-23,167.0,168.60000610351562,164.5500030517578,166.64999389648438,148.6329803466797,4632847
2011-06-24,168.0500030517578,174.39999389648438,167.75,172.85000610351562,154.16268920898438,7800403
2011-06-27,172.0,175.85000610351562,171.1999969482422,174.10000610351562,155.2775421142578,5151561
2011-06-28,174.39999389648438,181.39999389648438,173.64999389648438,180.8000030517578,161.25318908691406,8319523
2011-06-29,181.75,184.39999389648438,181.3000030517578,182.0500030517578,162.3680419921875,5567352
2011-06-30,183.8000030517578,183.8000030517578,178.85000610351562,180.5500030517578,161.03024291992188,6070224
2011-07-01,184.35000610351562,187.89999389648438,182.1999969482422,187.0,166.78289794921875,7732219
2011-07-04,189.0,190.85000610351562,185.35000610351562,190.25,169.6815185546875,6927024
2011-07-05,191.60000610351562,191.60000610351562,185.0,186.64999389648438,166.47073364257812,4285066
2011-07-06,187.0,189.8000030517578,185.6999969482422,189.3000030517578,168.834228515625,3160065
2011-07-07,189.0,196.0,187.64999389648438,195.64999389648438,174.49771118164062,7742851
2011-07-08,194.8000030517578,194.8000030517578,187.25,188.10000610351562,167.7639617919922,10383793
2011-07-11,187.0,187.0,178.75,180.0500030517578,160.5842742919922,7237024
2011-07-12,176.5,181.5,175.0,175.8000030517578,156.79376220703125,10294219
2011-07-13,177.0,178.89999389648438,174.3000030517578,177.10000610351562,157.95321655273438,6496999
2011-07-14,176.5,181.8000030517578,175.8000030517578,178.25,158.9788818359375,6907656
2011-07-15,178.64999389648438,180.14999389648438,176.3000030517578,176.60000610351562,157.50726318359375,5194630
2011-07-18,177.8000030517578,182.9499969482422,177.6999969482422,182.39999389648438,162.68020629882812,7337123
2011-07-19,182.89999389648438,185.0,181.39999389648438,184.5500030517578,164.59776306152344,3828351
2011-07-20,185.85000610351562,185.89999389648438,177.6999969482422,178.8000030517578,159.4694061279297,4303328
2011-07-21,178.8000030517578,178.89999389648438,176.0,176.85000610351562,157.73025512695312,3079282
2011-07-22,179.10000610351562,179.8000030517578,175.3000030517578,176.6999969482422,157.596435546875,7794606
2011-07-25,176.1999969482422,181.6999969482422,174.85000610351562,181.0,161.4315643310547,6075365
2011-07-26,181.35000610351562,182.60000610351562,176.60000610351562,177.85000610351562,158.6221466064453,3813056
2011-07-27,178.0,178.39999389648438,171.3000030517578,172.64999389648438,153.9842987060547,6914827
2011-07-28,171.5,171.5,167.0500030517578,167.9499969482422,149.79244995117188,5653938
2011-07-29,167.10000610351562,170.35000610351562,166.1999969482422,168.4499969482422,150.23837280273438,7186074
2011-08-01,170.75,171.89999389648438,166.14999389648438,168.25,150.0599822998047,3269893
2011-08-02,167.89999389648438,168.35000610351562,164.0500030517578,164.8000030517578,146.98297119140625,4270123
2011-08-03,162.89999389648438,166.39999389648438,159.4499969482422,165.35000610351562,147.47354125976562,4330209
2011-08-04,166.89999389648438,167.89999389648438,160.3000030517578,161.35000610351562,143.90599060058594,5092685
2011-08-05,156.64999389648438,164.0,152.0,162.9499969482422,145.33299255371094,11505554
2011-08-08,158.0,159.1999969482422,150.5,151.64999389648438,135.25465393066406,13043500
2011-08-09,146.1999969482422,154.25,143.35000610351562,147.9499969482422,131.95469665527344,18372621
2011-08-10,152.89999389648438,157.3000030517578,151.3000030517578,155.89999389648438,139.04519653320312,18679302
2011-08-11,154.4499969482422,158.39999389648438,153.10000610351562,157.1999969482422,140.20465087890625,4673973
2011-08-12,159.25,159.25,149.0,150.1999969482422,133.96142578125,9300179
2011-08-16,151.0,153.14999389648438,142.89999389648438,144.35000610351562,128.743896484375,7224133
2011-08-17,144.5,146.39999389648438,140.10000610351562,142.5500030517578,127.13851165771484,7156031
2011-08-18,143.85000610351562,143.85000610351562,136.60000610351562,137.64999389648438,122.76824188232422,6934947
2011-08-19,134.0,141.35000610351562,128.1999969482422,139.5500030517578,124.46284484863281,12695831
2011-08-22,140.5,145.0,135.0,144.39999389648438,128.78848266601562,8623048
2011-08-23,145.35000610351562,147.3000030517578,142.10000610351562,145.75,129.9925537109375,5897813
2011-08-24,145.39999389648438,149.6999969482422,145.0,146.64999389648438,130.79525756835938,8489072
2011-08-25,147.9499969482422,148.6999969482422,141.85000610351562,143.3000030517578,127.80744934082031,7406258
2011-08-26,142.89999389648438,143.9499969482422,138.14999389648438,139.14999389648438,124.1061019897461,5933179
2011-08-29,140.6999969482422,146.10000610351562,140.60000610351562,144.10000610351562,128.52093505859375,7194760
2011-08-30,147.0,151.64999389648438,142.60000610351562,150.60000610351562,134.31820678710938,9797241
2011-09-02,155.0,156.89999389648438,150.0,154.64999389648438,137.9303436279297,8502094
2011-09-05,152.39999389648438,154.3000030517578,148.5500030517578,153.5,136.90467834472656,6547768
2011-09-06,152.0,156.5,150.25,155.5500030517578,138.73301696777344,7262367
2011-09-07,156.1999969482422,163.6999969482422,154.85000610351562,159.89999389648438,142.61277770996094,10346586
2011-09-08,160.75,161.89999389648438,158.1999969482422,159.0,141.81002807617188,6124824
2011-09-09,159.89999389648438,159.89999389648438,149.5,149.89999389648438,133.6938934326172,6304038
2011-09-12,147.0,147.0,141.60000610351562,142.89999389648438,127.45069122314453,6380669
2011-09-13,144.5,147.25,140.39999389648438,141.9499969482422,126.60334777832031,6744964
2011-09-14,142.5,146.25,139.1999969482422,145.10000610351562,130.79493713378906,7944403
2011-09-15,146.14999389648438,147.0,142.5,144.25,130.0287322998047,7493869
2011-09-16,145.5,149.89999389648438,143.39999389648438,144.64999389648438,130.3892822265625,10180314
2011-09-19,143.39999389648438,145.75,141.10000610351562,144.1999969482422,129.98367309570312,5262456
2011-09-20,143.60000610351562,150.5,143.1999969482422,150.0500030517578,135.2569580078125,6206293
2011-09-21,151.0,151.5500030517578,145.0,145.64999389648438,131.29071044921875,5795587
2011-09-22,142.39999389648438,142.39999389648438,138.4499969482422,139.39999389648438,125.65689086914062,6272905
2011-09-23,137.0,137.6999969482422,132.10000610351562,133.89999389648438,120.69914245605469,9950997
2011-09-26,132.35000610351562,133.0,124.5,128.6999969482422,116.01178741455078,13733719
2011-09-27,133.0,135.85000610351562,130.6999969482422,134.4499969482422,121.19490814208984,10136107
2011-09-28,136.0,136.0,129.25,131.8000030517578,118.80616760253906,6477277
2011-09-29,129.3000030517578,134.39999389648438,128.0,133.85000610351562,120.65404510498047,6927393
2011-09-30,132.0,135.0,130.25,131.4499969482422,118.49064636230469,7273891
2011-10-03,128.5500030517578,128.5500030517578,123.19999694824219,123.94999694824219,111.7300796508789,6764858
2011-10-04,122.05000305175781,126.8499984741211,121.8499984741211,124.9000015258789,112.58641815185547,7295474
2011-10-05,126.5,126.94999694824219,119.30000305175781,120.0999984741211,108.25962829589844,13942794
2011-10-07,125.8499984741211,127.19999694824219,123.8499984741211,125.9000015258789,113.48783111572266,13680194
2011-10-10,126.0,129.89999389648438,125.0999984741211,127.05000305175781,114.52445220947266,13395507
2011-10-11,129.3000030517578,132.3000030517578,129.10000610351562,130.35000610351562,117.49911499023438,14384255
2011-10-12,131.0,134.1999969482422,127.6500015258789,132.6999969482422,119.61741638183594,9659038
2011-10-13,134.0,134.39999389648438,127.80000305175781,128.9499969482422,116.23713684082031,8467734
2011-10-14,127.5,130.25,125.0999984741211,128.6999969482422,116.01178741455078,12177286
2011-10-17,129.8000030517578,131.35000610351562,128.25,130.1999969482422,117.36390686035156,10238349
2011-10-18,127.0,128.0,124.0999984741211,125.4000015258789,113.03712463378906,6748421
2011-10-19,127.69999694824219,128.39999389648438,126.5,127.69999694824219,115.1103515625,6498115
2011-10-20,125.0,126.80000305175781,123.75,124.69999694824219,112.40612030029297,5950320
2011-10-21,125.5,125.5,121.1500015258789,121.75,109.74696350097656,6532613
2011-10-24,124.05000305175781,125.5,122.5,123.4000015258789,111.23429870605469,6283988
2011-10-25,124.5999984741211,126.44999694824219,124.0999984741211,125.3499984741211,112.9920425415039,15943019
2011-10-28,135.10000610351562,144.14999389648438,135.0,142.3000030517578,128.27098083496094,31867922
2011-10-31,141.0,141.0,135.10000610351562,135.9499969482422,122.54702758789062,13641523
2011-11-01,135.35000610351562,137.89999389648438,134.10000610351562,135.85000610351562,122.45687866210938,8754763
2011-11-02,133.3000030517578,137.89999389648438,133.10000610351562,136.14999389648438,122.7273178100586,6391144
2011-11-03,135.10000610351562,137.0,133.1999969482422,135.75,122.36675262451172,7735734
2011-11-04,139.0,139.75,137.10000610351562,139.25,125.52169036865234,7225218
2011-11-08,140.25,141.6999969482422,137.64999389648438,139.85000610351562,126.06255340576172,4602343
2011-11-09,140.0,141.6999969482422,133.3000030517578,134.5,121.23995971679688,5878833
2011-11-11,136.0,136.0,126.3499984741211,128.6999969482422,116.01178741455078,12200524
2011-11-14,131.5,132.6999969482422,125.5,126.19999694824219,113.75826263427734,7465268
2011-11-15,126.0,128.0,123.69999694824219,125.44999694824219,113.08218383789062,5326756
2011-11-16,125.8499984741211,127.5999984741211,121.30000305175781,123.4000015258789,111.23429870605469,7628209
2011-11-17,123.5,127.5,121.05000305175781,122.8499984741211,110.73851776123047,8880668
2011-11-18,121.69999694824219,124.5,118.25,123.69999694824219,111.50471496582031,9535655
2011-11-21,122.0,123.0,118.5999984741211,119.25,107.49342346191406,5766985
2011-11-22,120.0999984741211,123.6500015258789,120.0999984741211,122.0,109.9723129272461,7230164
2011-11-23,119.9000015258789,120.6500015258789,117.25,119.44999694824219,107.67371368408203,7780200
2011-11-24,120.0,120.30000305175781,115.8499984741211,118.05000305175781,106.41173553466797,9908978
2011-11-25,117.4000015258789,117.69999694824219,112.80000305175781,113.5,102.31031799316406,7896679
2011-11-28,115.4000015258789,125.44999694824219,115.4000015258789,124.3499984741211,112.09062957763672,9636964
2011-11-29,124.75,124.75,121.0,122.3499984741211,110.28780364990234,6936757
2011-11-30,121.0,123.94999694824219,120.3499984741211,122.94999694824219,110.82865905761719,6423394
2011-12-01,129.4499969482422,134.1999969482422,129.1999969482422,131.25,118.31038665771484,11017464
2011-12-02,130.4499969482422,136.85000610351562,129.10000610351562,135.39999389648438,122.05126953125,10097525
2011-12-05,134.3000030517578,137.6999969482422,131.75,136.5,123.0428237915039,10051399
2011-12-07,137.89999389648438,140.3000030517578,136.5500030517578,137.8000030517578,124.21464538574219,9938870
2011-12-08,136.10000610351562,136.5,129.10000610351562,130.60000610351562,117.72447204589844,7229118
2011-12-09,126.9000015258789,135.60000610351562,125.94999694824219,132.14999389648438,119.12165832519531,11322225
2011-12-12,134.25,134.60000610351562,122.5999984741211,123.55000305175781,111.36952209472656,14097827
2011-12-13,122.8499984741211,131.1999969482422,121.55000305175781,129.5500030517578,116.77798461914062,13933430
2011-12-14,129.10000610351562,130.60000610351562,126.44999694824219,127.30000305175781,114.74980163574219,9157648
2011-12-15,124.0,128.75,122.0,127.4000015258789,114.83995056152344,8922687
2011-12-16,128.10000610351562,131.75,124.1500015258789,125.9000015258789,113.48783111572266,8609493
2011-12-19,124.5,126.5999984741211,122.5,124.80000305175781,112.49629211425781,5857830
2011-12-20,125.30000305175781,126.19999694824219,118.0999984741211,118.8499984741211,107.13286590576172,8372622
2011-12-21,124.0,124.5,120.19999694824219,122.9000015258789,110.7835922241211,8818636
2011-12-22,121.0,123.3499984741211,119.19999694824219,122.5999984741211,110.51317596435547,9164837
2011-12-23,123.5,125.9000015258789,120.5999984741211,121.75,109.74696350097656,7969883
2011-12-26,122.6500015258789,123.0,120.3499984741211,120.9000015258789,108.98078155517578,7351812
2011-12-27,121.0,122.5999984741211,119.05000305175781,119.5999984741211,107.80894470214844,4560134
2011-12-28,119.0,120.0999984741211,115.75,116.5999984741211,105.10469055175781,7637676
2011-12-29,115.0,118.5,114.75,117.19999694824219,105.6455307006836,8635020
2011-12-30,118.5999984741211,119.4000015258789,115.0999984741211,115.8499984741211,104.42863464355469,6098382
2012-01-02,117.0,117.25,111.19999694824219,112.25,101.18354797363281,9684493
2012-01-03,114.19999694824219,116.0,113.0999984741211,115.55000305175781,104.15821838378906,13791200
2012-01-04,117.0,119.0,114.69999694824219,118.30000305175781,106.6370849609375,12622715
2012-01-05,118.1500015258789,119.0999984741211,115.8499984741211,116.4000015258789,104.9244155883789,7100627
2012-01-06,115.9000015258789,119.69999694824219,114.25,118.69999694824219,106.9976577758789,7793768
2012-01-09,117.5,119.25,115.05000305175781,117.8499984741211,106.23145294189453,6218471
2012-01-10,118.5,123.6500015258789,118.5,123.1500015258789,111.00894927978516,10026329
2012-01-11,124.5,130.8000030517578,124.5,130.35000610351562,117.49911499023438,15398196
2012-01-12,129.5,133.89999389648438,129.0,132.6999969482422,119.61741638183594,8750859
2012-01-13,133.6999969482422,135.64999389648438,130.1999969482422,133.39999389648438,120.24839782714844,13357548
2012-01-16,130.8000030517578,133.5,130.39999389648438,132.5500030517578,119.48222351074219,4644200
2012-01-17,134.0,142.6999969482422,133.9499969482422,140.5,126.6484375,14685381
2012-01-18,140.3000030517578,141.8000030517578,137.75,139.75,125.97240447998047,8616281
2012-01-19,142.3000030517578,147.1999969482422,142.25,145.8000030517578,131.42596435546875,13340574
2012-01-20,146.0,147.39999389648438,141.60000610351562,143.60000610351562,129.44284057617188,9509475
2012-01-23,142.89999389648438,144.1999969482422,136.3000030517578,137.35000610351562,123.80902099609375,9068528
2012-01-24,137.39999389648438,144.89999389648438,136.3000030517578,143.8000030517578,129.6231231689453,8439820
2012-01-25,144.8000030517578,146.25,141.25,142.0500030517578,128.04562377929688,6330312
2012-01-27,143.85000610351562,148.0,143.0,144.4499969482422,130.2090301513672,9733013
2012-01-30,144.0,144.0,137.0,137.5500030517578,123.98929595947266,6096072
2012-01-31,139.0,148.9499969482422,136.3000030517578,146.60000610351562,132.1470489501953,11435940
2012-02-01,147.1999969482422,153.8000030517578,144.35000610351562,153.1999969482422,138.0963897705078,12920558
2012-02-02,155.60000610351562,159.0,152.5,158.0,142.4231719970703,15481472
2012-02-03,157.8000030517578,157.8000030517578,150.8000030517578,152.64999389648438,137.60060119628906,10359839
2012-02-06,155.60000610351562,157.89999389648438,153.1999969482422,155.3000030517578,139.98936462402344,10310227
2012-02-07,159.0,159.0,152.14999389648438,153.6999969482422,138.54710388183594,7570645
2012-02-08,154.5,162.5,152.5,160.8000030517578,144.9471435546875,13797994
2012-02-09,158.5,161.85000610351562,148.6999969482422,159.10000610351562,143.41473388671875,39919671
2012-02-10,156.39999389648438,159.3000030517578,151.60000610351562,152.89999389648438,137.82594299316406,11858586
2012-02-13,153.85000610351562,156.5,150.0,155.85000610351562,140.48512268066406,10249922
2012-02-14,156.5500030517578,163.25,155.10000610351562,161.10000610351562,145.217529296875,17274438
2012-02-15,162.6999969482422,164.89999389648438,159.75,162.5,146.47952270507812,8179098
2012-02-16,160.25,161.35000610351562,153.10000610351562,154.14999389648438,138.95274353027344,16861421
2012-02-17,157.4499969482422,158.1999969482422,150.1999969482422,150.9499969482422,136.06820678710938,19109618
2012-02-21,152.14999389648438,156.8000030517578,152.0,155.60000610351562,140.25978088378906,11441806
2012-02-22,156.0,157.5,146.5500030517578,148.1999969482422,133.58934020996094,11207543
2012-02-23,148.6999969482422,150.5500030517578,144.10000610351562,146.85000610351562,132.3724365234375,13334619
2012-02-24,147.5,151.3000030517578,146.10000610351562,148.0500030517578,133.4541015625,8009282
2012-02-27,148.0,148.35000610351562,138.60000610351562,139.9499969482422,126.15266418457031,7451762
2012-02-28,141.0,148.8000030517578,141.0,146.60000610351562,132.1470489501953,7666143
2012-02-29,148.9499969482422,151.5500030517578,145.0,148.89999389648438,134.22030639648438,8380425
2012-03-01,147.3000030517578,152.3000030517578,143.60000610351562,150.35000610351562,135.52735900878906,12157548
2012-03-02,151.6999969482422,155.9499969482422,146.6999969482422,147.75,133.1836700439453,14778896
2012-03-05,146.10000610351562,146.8000030517578,139.5,139.89999389648438,126.10759735107422,8965653
2012-03-06,138.5500030517578,141.75,130.5,131.75,118.76109313964844,21814371
2012-03-07,130.25,133.8000030517578,128.14999389648438,131.3000030517578,118.3554458618164,17558366
2012-03-09,134.5,136.10000610351562,132.1999969482422,134.60000610351562,121.3301010131836,16564880
2012-03-12,137.0,138.14999389648438,132.5,137.5,123.94420623779297,9779451
2012-03-13,138.89999389648438,142.5,138.14999389648438,141.4499969482422,127.50477600097656,9741176
2012-03-14,143.9499969482422,144.89999389648438,142.25,144.10000610351562,129.8935546875,10073234
2012-03-15,142.8000030517578,143.89999389648438,140.25,141.6999969482422,127.73014068603516,9197925
2012-03-16,141.9499969482422,144.75,138.1999969482422,140.85000610351562,126.96394348144531,7907169
2012-03-19,139.6999969482422,142.8000030517578,138.89999389648438,141.14999389648438,127.23434448242188,6855276
2012-03-20,140.5,143.35000610351562,137.3000030517578,138.3000030517578,124.66532897949219,7915894
2012-03-21,137.8000030517578,137.89999389648438,134.1999969482422,136.85000610351562,123.35829162597656,16148835
2012-03-22,137.5,138.89999389648438,132.25,132.9499969482422,119.84276580810547,11223392
2012-03-23,132.0,135.5,129.0500030517578,131.39999389648438,118.44560241699219,12562865
2012-03-26,131.5,132.3000030517578,126.30000305175781,128.0,115.38080596923828,9766668
2012-03-27,131.0,131.89999389648438,127.19999694824219,129.10000610351562,116.37235260009766,14315080
2012-03-28,128.35000610351562,128.35000610351562,125.19999694824219,125.5999984741211,113.21739196777344,10482662
2012-03-29,124.5,125.5,122.6500015258789,124.80000305175781,112.49629211425781,14227529
2012-03-30,126.6500015258789,130.8000030517578,125.69999694824219,129.39999389648438,116.64276123046875,12304827
2012-04-02,130.0,130.64999389648438,126.75,127.30000305175781,114.74980163574219,8610177
2012-04-03,129.0,132.5,128.89999389648438,131.89999389648438,118.89628601074219,9437219
2012-04-04,131.0,133.64999389648438,130.14999389648438,133.10000610351562,119.9780044555664,8419941
2012-04-09,131.85000610351562,131.85000610351562,125.55000305175781,126.0,113.57795715332031,7332357
2012-04-10,127.0,128.0,123.25,124.94999694824219,112.63147735595703,11771578
2012-04-11,124.0,125.9000015258789,122.4000015258789,123.8499984741211,111.63993835449219,12603378
2012-04-12,126.0,128.4499969482422,125.55000305175781,128.0,115.38080596923828,9351937
2012-04-13,129.8000030517578,129.85000610351562,124.3499984741211,124.8499984741211,112.54135131835938,8909484
2012-04-16,124.0,124.55000305175781,122.55000305175781,124.0999984741211,111.86526489257812,6208951
2012-04-17,124.0,128.39999389648438,123.75,128.0,115.38080596923828,6034042
2012-04-18,129.0,132.1999969482422,129.0,130.75,117.85968017578125,8996716
2012-04-19,131.0,131.35000610351562,127.5,128.10000610351562,115.47093963623047,6651948
2012-04-20,126.3499984741211,128.35000610351562,123.9000015258789,125.0,112.67655944824219,9692856
2012-04-23,125.19999694824219,125.69999694824219,118.44999694824219,118.80000305175781,107.08779907226562,11093246
2012-04-24,119.5,122.25,119.0,120.6500015258789,108.75541687011719,7726936
2012-04-25,120.1500015258789,122.19999694824219,118.05000305175781,119.8499984741211,108.03428649902344,5702508
2012-04-26,120.6500015258789,121.1500015258789,115.55000305175781,116.25,104.7891845703125,10257747
2012-04-27,116.94999694824219,119.5,116.25,118.80000305175781,107.08779907226562,4927343
2012-04-30,119.5,122.0,119.25,120.75,108.8455581665039,5195430
2012-05-02,120.1500015258789,121.9000015258789,119.69999694824219,120.0999984741211,108.25962829589844,4088476
2012-05-03,119.0,120.19999694824219,117.80000305175781,118.80000305175781,107.08779907226562,4872334
2012-05-04,118.75,118.80000305175781,114.3499984741211,115.9000015258789,104.47370147705078,9708684
2012-05-07,114.0,116.5,112.4000015258789,115.6500015258789,104.24833679199219,9551892
2012-05-08,115.9000015258789,119.5,113.4000015258789,117.75,106.14132690429688,15845527
2012-05-09,115.80000305175781,121.0999984741211,113.55000305175781,118.80000305175781,107.08779907226562,14630333
2012-05-10,119.19999694824219,120.80000305175781,116.5,117.5,105.91596221923828,6056300
2012-05-11,116.0,117.30000305175781,112.6500015258789,113.1500015258789,101.99481201171875,9608925
2012-05-14,114.19999694824219,115.5,110.30000305175781,111.80000305175781,100.77790832519531,7714533
2012-05-15,111.0,115.05000305175781,110.5,114.3499984741211,103.07650756835938,7262761
2012-05-16,111.55000305175781,112.5999984741211,109.5,110.30000305175781,99.42579650878906,10160344
2012-05-17,111.44999694824219,112.69999694824219,107.9000015258789,108.8499984741211,98.1187515258789,11656030
2012-05-18,106.0,109.1500015258789,105.8499984741211,107.94999694824219,97.30747985839844,11582334
2012-05-21,108.0,111.25,108.0,110.4000015258789,99.51593017578125,8130040
2012-05-22,111.3499984741211,112.4000015258789,106.75,107.05000305175781,96.4962158203125,8693615
2012-05-23,106.0,108.4000015258789,105.4000015258789,107.55000305175781,96.94691467285156,6027827
2012-05-24,109.0,111.4000015258789,107.30000305175781,110.5999984741211,99.69622802734375,7148669
2012-05-25,109.0,112.94999694824219,108.3499984741211,111.9000015258789,100.86805725097656,8126746
2012-05-28,111.9000015258789,115.6500015258789,111.9000015258789,114.94999694824219,103.61735534667969,7015770
2012-05-29,115.9000015258789,115.9000015258789,113.4000015258789,114.55000305175781,103.25679016113281,9242857
2012-05-30,115.05000305175781,115.8499984741211,112.80000305175781,114.44999694824219,103.1666488647461,7722458
2012-05-31,117.0,120.1500015258789,115.44999694824219,116.6500015258789,105.14976501464844,33911150
2012-06-01,115.5999984741211,118.9000015258789,115.5999984741211,116.55000305175781,105.05962371826172,9868116
2012-06-04,115.0,116.5999984741211,112.69999694824219,115.3499984741211,103.97792053222656,6080672
2012-06-05,116.3499984741211,119.0999984741211,116.3499984741211,117.30000305175781,105.7356948852539,6902149
2012-06-06,118.5999984741211,120.9000015258789,118.0,120.44999694824219,108.57512664794922,6557828
2012-06-07,122.6500015258789,122.6500015258789,118.75,120.0,108.16949462890625,7789021
2012-06-08,120.0,121.25,118.30000305175781,120.4000015258789,108.53004455566406,6647407
2012-06-11,122.5,123.19999694824219,120.0,120.5,108.62020111083984,6666754
2012-06-12,119.9000015258789,123.5999984741211,119.0999984741211,123.1500015258789,111.00894927978516,7437501
2012-06-13,123.30000305175781,124.1500015258789,121.1500015258789,122.5999984741211,110.51317596435547,4461171
2012-06-14,122.4000015258789,123.25,119.69999694824219,120.25,108.39485931396484,5443532
2012-06-15,121.0,124.44999694824219,120.4000015258789,123.80000305175781,111.5948486328125,7665479
2012-06-18,125.19999694824219,127.0,120.55000305175781,122.30000305175781,110.24275207519531,8104932
2012-06-19,121.69999694824219,123.5999984741211,121.0,122.6500015258789,110.5582504272461,2931381
2012-06-20,123.5,123.80000305175781,119.80000305175781,122.3499984741211,110.28780364990234,5765790
2012-06-21,121.30000305175781,122.19999694824219,119.80000305175781,121.3499984741211,109.38640594482422,5893509
2012-06-22,120.0,120.6500015258789,115.9000015258789,117.30000305175781,105.7356948852539,9080818
2012-06-25,118.25,118.44999694824219,113.8499984741211,114.75,103.43707275390625,9237138
2012-06-26,113.69999694824219,115.94999694824219,113.3499984741211,115.19999694824219,103.84270477294922,6844439
2012-06-27,116.30000305175781,117.55000305175781,115.75,117.0,105.46524810791016,4486403
2012-06-28,117.5,118.25,114.5999984741211,115.1500015258789,103.79766082763672,5390681
2012-06-29,116.9000015258789,120.4000015258789,116.5,119.9000015258789,108.079345703125,7911448
2012-07-02,120.30000305175781,122.80000305175781,119.05000305175781,121.0,109.07091522216797,6395669
2012-07-03,121.55000305175781,124.4000015258789,121.55000305175781,123.80000305175781,111.5948486328125,7911756
2012-07-04,124.69999694824219,126.0,124.3499984741211,125.44999694824219,113.08218383789062,10562781
2012-07-05,125.5,126.69999694824219,124.4000015258789,125.44999694824219,113.08218383789062,6014186
2012-07-06,125.5,125.5999984741211,122.5999984741211,124.05000305175781,111.8202133178711,4166735
2012-07-09,120.80000305175781,125.75,120.80000305175781,124.25,112.00049591064453,5764512
2012-07-10,125.0,127.9000015258789,124.55000305175781,127.6500015258789,115.06529998779297,5849348
2012-07-11,127.0,127.0,123.3499984741211,123.8499984741211,111.63993835449219,6043053
2012-07-12,122.69999694824219,124.5999984741211,121.44999694824219,123.0999984741211,110.96387481689453,7363278
2012-07-13,124.4000015258789,124.4000015258789,119.94999694824219,120.4000015258789,108.53004455566406,6239201
2012-07-16,121.4000015258789,121.44999694824219,117.94999694824219,118.25,106.59202575683594,6498273
2012-07-17,119.30000305175781,120.5,118.94999694824219,119.8499984741211,108.03428649902344,3652785
2012-07-18,119.8499984741211,120.9000015258789,118.25,120.44999694824219,108.57512664794922,3750938
2012-07-19,122.4000015258789,123.30000305175781,121.30000305175781,122.44999694824219,110.37796783447266,3942728
2012-07-20,121.25,123.9000015258789,120.55000305175781,122.19999694824219,110.1526107788086,4919930
2012-07-23,120.5999984741211,120.6500015258789,115.75,116.4000015258789,104.9244155883789,4016268
2012-07-24,116.0999984741211,117.80000305175781,115.25,117.05000305175781,105.51031494140625,3802911
2012-07-25,116.30000305175781,116.69999694824219,113.8499984741211,114.1500015258789,102.89623260498047,3823436
2012-07-26,115.0,121.05000305175781,113.0,114.4000015258789,103.12158203125,10352085
2012-07-27,116.94999694824219,118.8499984741211,116.0,117.5,105.91596221923828,5402171
2012-07-30,118.9000015258789,118.94999694824219,116.4000015258789,118.5,106.81737518310547,3109357
2012-07-31,119.3499984741211,121.25,115.6500015258789,120.0999984741211,108.25962829589844,6091747
2012-08-01,120.0,120.80000305175781,118.3499984741211,119.19999694824219,107.44834899902344,3328980
2012-08-02,118.5,120.3499984741211,117.94999694824219,119.1500015258789,107.40331268310547,2420823
2012-08-03,118.19999694824219,118.19999694824219,115.44999694824219,116.69999694824219,105.19483184814453,3327089
2012-08-06,118.5,119.0999984741211,117.6500015258789,118.1500015258789,106.50187683105469,2260036
2012-08-07,119.19999694824219,119.9000015258789,118.25,118.80000305175781,107.08779907226562,3303088
2012-08-08,119.0999984741211,123.19999694824219,119.0999984741211,121.4000015258789,109.43148803710938,8688172
2012-08-09,122.0,122.94999694824219,121.05000305175781,121.8499984741211,109.83709716796875,4434914
2012-08-10,121.80000305175781,124.0,121.0999984741211,122.94999694824219,110.82865905761719,4138597
2012-08-13,124.75,124.75,119.5,121.4000015258789,109.43148803710938,4484228
2012-08-14,120.69999694824219,122.75,119.25,120.0999984741211,108.25962829589844,6787109
2012-08-16,118.6500015258789,119.75,116.30000305175781,116.69999694824219,105.19483184814453,6897264
2012-08-17,116.80000305175781,117.1500015258789,113.0,113.69999694824219,102.49060821533203,10128867
2012-08-21,113.0,113.0,110.19999694824219,112.3499984741211,101.27367401123047,11667103
2012-08-22,112.0,114.69999694824219,111.69999694824219,112.75,101.6342544555664,5910827
2012-08-23,113.1500015258789,115.1500015258789,112.4000015258789,113.0999984741211,101.94974517822266,5684979
2012-08-24,112.5999984741211,112.80000305175781,110.5999984741211,111.0,100.05679321289062,6035989
2012-08-27,111.4000015258789,111.75,109.55000305175781,110.0999984741211,99.24551391601562,4209084
2012-08-28,109.94999694824219,110.5,105.1500015258789,106.69999694824219,96.18072509765625,7265334
2012-08-29,106.75,108.5,103.3499984741211,103.80000305175781,93.56661224365234,7577081
2012-08-30,103.0,107.19999694824219,102.3499984741211,106.0999984741211,95.6398696899414,8219109
2012-08-31,105.0,105.75,102.30000305175781,103.8499984741211,94.99951934814453,6878714
2012-09-03,105.4000015258789,106.0,103.25,103.80000305175781,94.95378112792969,3953821
2012-09-04,103.5,104.3499984741211,102.30000305175781,103.6500015258789,94.81655883789062,4601257
2012-09-05,103.0,104.6500015258789,100.0999984741211,100.8499984741211,92.25520324707031,8606241
2012-09-06,100.05000305175781,103.1500015258789,100.0,101.75,93.07849884033203,8040607
2012-09-07,104.25,105.5,103.5999984741211,105.1500015258789,96.18873596191406,4982320
2012-09-10,106.5,109.44999694824219,106.5,108.30000305175781,99.07028198242188,7508205
2012-09-11,107.0,109.69999694824219,106.5,109.30000305175781,99.98505401611328,5343542
2012-09-12,109.6500015258789,110.4000015258789,106.69999694824219,109.0999984741211,99.80208587646484,6933216
2012-09-13,109.5,110.1500015258789,108.19999694824219,109.55000305175781,100.21375274658203,4083017
2012-09-14,115.0,119.0999984741211,114.5999984741211,118.3499984741211,108.2637710571289,18890281
2012-09-17,119.80000305175781,121.1500015258789,115.30000305175781,117.1500015258789,107.1660385131836,14687666
2012-09-18,116.0,116.19999694824219,113.69999694824219,114.55000305175781,104.78761291503906,8128794
2012-09-20,113.19999694824219,116.19999694824219,112.5,113.6500015258789,103.96432495117188,7415962
2012-09-21,115.25,118.94999694824219,114.6500015258789,118.19999694824219,108.12655639648438,18383349
2012-09-24,118.0999984741211,121.9000015258789,117.25,119.0999984741211,108.9498519897461,10605085
2012-09-25,120.94999694824219,120.94999694824219,117.75,119.55000305175781,109.36150360107422,5080444
2012-09-26,118.75,118.75,116.25,116.6500015258789,106.70865631103516,6688404
2012-09-27,116.69999694824219,118.0999984741211,116.0,116.5,106.5714340209961,8628653
2012-09-28,118.0,121.9000015258789,117.6500015258789,120.69999694824219,110.41350555419922,10678473
2012-10-01,120.5,123.44999694824219,119.0,122.8499984741211,112.38026428222656,7661796
2012-10-03,123.0999984741211,125.3499984741211,121.75,124.69999694824219,114.07259368896484,8320540
2012-10-04,125.0,126.25,123.5,123.94999694824219,113.38652038574219,6416052
2012-10-05,125.0,126.5,100.0,125.0,114.34703826904297,10894777
2012-10-08,124.1500015258789,124.5,119.5,120.5,110.23054504394531,7916017
2012-10-09,121.5,122.55000305175781,117.8499984741211,118.6500015258789,108.53821563720703,6554306
2012-10-10,117.44999694824219,119.5999984741211,115.8499984741211,116.0,106.11404418945312,8642958
2012-10-11,117.0999984741211,118.5999984741211,115.19999694824219,118.05000305175781,107.98933410644531,7402451
2012-10-12,118.30000305175781,119.94999694824219,117.19999694824219,118.05000305175781,107.98933410644531,5461529
2012-10-15,117.0,120.5,117.0,120.0999984741211,109.86463928222656,5231567
2012-10-16,120.75,120.75,116.69999694824219,117.19999694824219,107.21177673339844,4351550
2012-10-17,118.0,118.6500015258789,116.05000305175781,116.75,106.80012512207031,3714102
2012-10-18,117.4000015258789,118.8499984741211,116.6500015258789,117.75,107.71492004394531,4001457
2012-10-19,117.05000305175781,117.9000015258789,114.44999694824219,114.9000015258789,105.10779571533203,4589234
2012-10-22,114.19999694824219,115.8499984741211,113.19999694824219,115.1500015258789,105.33649444580078,4040447
2012-10-23,114.25,115.5999984741211,112.94999694824219,113.3499984741211,103.68990325927734,3463607
2012-10-25,113.44999694824219,114.75,112.94999694824219,113.75,104.05579376220703,4475396
2012-10-29,113.0,114.94999694824219,113.0,113.55000305175781,103.87284088134766,2159560
2012-10-30,113.30000305175781,114.1500015258789,110.44999694824219,110.9000015258789,101.44869232177734,3900867
2012-10-31,110.19999694824219,116.9000015258789,110.19999694824219,116.55000305175781,106.61717987060547,7009452
2012-11-01,116.8499984741211,116.9000015258789,114.5999984741211,116.25,106.34273529052734,3799849
2012-11-02,117.25,118.80000305175781,116.05000305175781,117.69999694824219,107.6691665649414,6480399
2012-11-05,117.5,117.55000305175781,114.0,114.5,104.74188232421875,4781411
2012-11-06,114.0999984741211,114.25,111.55000305175781,112.44999694824219,102.86658477783203,11028270
2012-11-07,112.0,114.69999694824219,111.80000305175781,113.75,104.05579376220703,5776200
2012-11-08,112.0,114.25,111.55000305175781,113.80000305175781,104.10154724121094,3995501
2012-11-09,114.55000305175781,115.80000305175781,113.0,113.30000305175781,103.64415740966797,4486939
2012-11-12,114.0,114.19999694824219,112.30000305175781,112.8499984741211,103.23251342773438,2113688
2012-11-15,112.0,112.8499984741211,110.0,111.19999694824219,101.7231216430664,4496728
2012-11-16,111.19999694824219,112.05000305175781,108.55000305175781,108.9000015258789,99.61914825439453,7866646
2012-11-19,109.0,109.3499984741211,107.05000305175781,107.55000305175781,98.38419342041016,5021639
2012-11-20,108.5,109.0,104.80000305175781,105.5999984741211,96.60037994384766,5767873
2012-11-21,106.0,107.69999694824219,105.5,107.0,97.88106536865234,3634167
2012-11-22,107.5,108.8499984741211,106.05000305175781,108.30000305175781,99.07028198242188,4007695
2012-11-23,107.55000305175781,108.69999694824219,107.19999694824219,107.9000015258789,98.70436096191406,2959664
2012-11-26,108.1500015258789,110.55000305175781,107.75,109.80000305175781,100.44245147705078,4734768
2012-11-27,109.9000015258789,112.94999694824219,109.9000015258789,112.5,102.9123306274414,6361487
2012-11-29,112.6500015258789,114.19999694824219,112.5,113.0999984741211,103.4612045288086,5365552
2012-11-30,113.6500015258789,116.94999694824219,113.6500015258789,116.5999984741211,106.66291809082031,6819426
2012-12-03,116.9000015258789,118.44999694824219,115.5999984741211,117.80000305175781,107.7606430053711,5303787
2012-12-04,117.0999984741211,117.55000305175781,116.0999984741211,117.0999984741211,107.12030792236328,2300780
2012-12-05,118.19999694824219,121.5999984741211,117.8499984741211,121.1500015258789,110.82514953613281,7360658
2012-12-06,122.0,123.5,118.30000305175781,122.9000015258789,112.42601013183594,5533477
2012-12-07,123.5,124.5,122.3499984741211,123.80000305175781,113.24929809570312,6208971
2012-12-10,123.80000305175781,124.4000015258789,121.6500015258789,123.05000305175781,112.563232421875,3364565
2012-12-11,123.25,123.9000015258789,118.0999984741211,119.8499984741211,109.63594055175781,8284742
2012-12-12,120.3499984741211,121.19999694824219,117.80000305175781,118.4000015258789,108.30951690673828,4692451
2012-12-13,118.80000305175781,119.5999984741211,115.3499984741211,115.80000305175781,105.93109893798828,4333607
2012-12-14,116.0,120.4000015258789,115.05000305175781,119.94999694824219,109.72742462158203,6224167
2012-12-17,120.25,124.5,120.1500015258789,124.19999694824219,113.6152114868164,10267592
2012-12-18,124.4000015258789,128.4499969482422,122.0999984741211,127.44999694824219,116.58824157714844,13664347
2012-12-19,127.0,130.4499969482422,127.0,129.64999389648438,118.60074615478516,9930246
2012-12-20,128.3000030517578,133.6999969482422,127.0999984741211,132.6999969482422,121.39080810546875,16367373
2012-12-21,131.35000610351562,133.25,128.25,129.3000030517578,118.28058624267578,12702910
2012-12-24,129.0,131.39999389648438,127.8499984741211,129.10000610351562,118.09761810302734,8002786
2012-12-26,129.5,131.64999389648438,128.5500030517578,128.89999389648438,117.91466522216797,6868080
2012-12-27,129.5,130.75,127.3499984741211,128.10000610351562,117.18284606933594,7958150
2012-12-28,129.1999969482422,131.5,128.10000610351562,129.39999389648438,118.3720474243164,6972108
2012-12-31,130.0,131.89999389648438,128.60000610351562,130.5,119.37831115722656,4011149
2013-01-01,131.5,134.6999969482422,131.5,134.14999389648438,122.71723175048828,7134099
2013-01-02,136.4499969482422,137.10000610351562,134.5,135.0,123.49481201171875,6934542
2013-01-03,135.64999389648438,136.0,133.10000610351562,134.39999389648438,122.94590759277344,4968022
2013-01-04,133.0500030517578,133.8000030517578,130.8000030517578,132.5500030517578,121.25360107421875,5798690
2013-01-07,133.0,136.0,132.25,134.39999389648438,122.94590759277344,5957987
2013-01-08,134.10000610351562,134.10000610351562,131.25,133.0,121.66523742675781,4031319
2013-01-09,134.0500030517578,135.0,131.4499969482422,132.0500030517578,120.79620361328125,7741914
2013-01-10,133.10000610351562,133.64999389648438,129.0,130.0500030517578,118.96665954589844,10305042
2013-01-11,129.25,130.75,126.5,127.05000305175781,116.22232055664062,6063225
2013-01-14,126.55000305175781,128.8000030517578,125.4000015258789,128.25,117.32006072998047,7377731
2013-01-15,128.8000030517578,130.1999969482422,128.0,129.10000610351562,118.09761810302734,5680905
2013-01-16,129.0,129.5500030517578,123.0,123.4000015258789,112.88339233398438,5598439
2013-01-17,122.0,123.94999694824219,120.30000305175781,122.05000305175781,111.64845275878906,10642611
2013-01-18,122.80000305175781,124.9000015258789,122.19999694824219,122.75,112.2887954711914,5857034
2013-01-21,122.0,124.5999984741211,122.0,122.75,112.2887954711914,3733592
2013-01-22,122.9000015258789,123.75,119.25,119.75,109.54446411132812,5344542
2013-01-23,120.0,121.0999984741211,116.0,117.8499984741211,107.80638885498047,7443568
2013-01-24,118.0999984741211,118.44999694824219,113.25,113.9000015258789,104.1930160522461,8651011
2013-01-25,113.0,117.75,112.69999694824219,116.4000015258789,106.4799575805664,6066863
2013-01-28,117.4000015258789,119.5,115.25,118.4000015258789,108.30951690673828,5580358
2013-01-29,118.0,119.55000305175781,114.44999694824219,115.44999694824219,105.61092376708984,5062131
2013-01-30,115.5999984741211,116.55000305175781,114.5,115.05000305175781,105.24502563476562,5109210
2013-01-31,114.05000305175781,116.9000015258789,113.5999984741211,116.19999694824219,106.29700469970703,8784944
2013-02-01,116.05000305175781,117.4000015258789,113.0,113.30000305175781,103.64415740966797,8014047
2013-02-04,114.0,115.25,112.8499984741211,113.19999694824219,103.55267333984375,4727480
2013-02-05,112.0,114.4000015258789,111.6500015258789,113.5,103.82711791992188,5971025
2013-02-06,114.25,115.5,113.3499984741211,114.4000015258789,104.65040588378906,8416196
2013-02-07,113.80000305175781,115.4000015258789,112.75,113.3499984741211,103.68990325927734,4313994
2013-02-08,113.05000305175781,114.25,108.75,109.69999694824219,100.35096740722656,15775966
2013-02-11,109.80000305175781,112.69999694824219,107.9000015258789,112.30000305175781,102.72937774658203,9989725
2013-02-12,112.75,113.30000305175781,111.0,112.5999984741211,103.0038070678711,6902951
2013-02-13,112.0,113.5,110.05000305175781,110.5,101.0827865600586,5822068
2013-02-14,110.25,111.4000015258789,108.8499984741211,110.6500015258789,101.22000122070312,4795232
2013-02-15,109.80000305175781,111.19999694824219,109.0999984741211,109.6500015258789,100.30521392822266,4204225
2013-02-18,110.05000305175781,111.69999694824219,109.8499984741211,111.0,101.54017639160156,5420355
2013-02-19,110.5999984741211,112.3499984741211,109.6500015258789,112.0,102.45494079589844,4956450
2013-02-20,112.9000015258789,113.4000015258789,110.69999694824219,111.55000305175781,102.04330444335938,9989553
2013-02-21,110.05000305175781,110.69999694824219,107.30000305175781,107.80000305175781,98.61287689208984,8142335
2013-02-22,107.0,108.25,105.4000015258789,107.05000305175781,97.92680358886719,8026436
2013-02-25,107.0999984741211,107.94999694824219,106.0,106.6500015258789,97.56089782714844,6425189
2013-02-26,106.6500015258789,106.6500015258789,101.19999694824219,101.75,93.07849884033203,12356631
2013-02-27,102.80000305175781,103.25,99.75,102.25,93.53587341308594,11568128
2013-02-28,103.5,103.9000015258789,98.0,98.9000015258789,90.47138214111328,14636637
2013-03-01,98.9000015258789,99.6500015258789,97.5,98.94999694824219,90.5171127319336,7542160
2013-03-04,98.25,98.5,93.8499984741211,94.3499984741211,86.30914306640625,10336404
2013-03-05,94.75,99.1500015258789,94.5999984741211,98.5999984741211,90.19694519042969,8264711
2013-03-06,99.69999694824219,102.5,99.19999694824219,101.80000305175781,93.12422943115234,8092286
2013-03-07,101.69999694824219,101.75,99.0999984741211,101.0999984741211,92.48388671875,5696259
2013-03-08,101.55000305175781,102.5999984741211,99.6500015258789,101.30000305175781,92.66683959960938,8498923
2013-03-11,100.8499984741211,101.5,99.05000305175781,100.69999694824219,92.11797332763672,10007382
2013-03-12,100.75,101.8499984741211,98.5,99.44999694824219,90.97450256347656,7605318
2013-03-13,99.0,99.0,95.5,95.80000305175781,87.63556671142578,14201065
2013-03-14,96.0,96.5,93.9000015258789,96.05000305175781,87.8642807006836,12394783
2013-03-15,97.0,98.5999984741211,95.1500015258789,95.5999984741211,87.45260620117188,12975662
2013-03-18,94.94999694824219,96.1500015258789,93.5999984741211,95.30000305175781,87.17817687988281,5934442
2013-03-19,95.55000305175781,96.19999694824219,92.5,93.05000305175781,85.11994171142578,10548598
2013-03-20,92.05000305175781,93.8499984741211,90.0,90.30000305175781,82.60429382324219,7972634
2013-03-21,90.5,92.1500015258789,87.8499984741211,88.1500015258789,80.63753509521484,7563390
2013-03-22,87.55000305175781,90.94999694824219,87.3499984741211,89.6500015258789,82.00970458984375,7451650
2013-03-25,92.44999694824219,92.44999694824219,87.5999984741211,88.0,80.50032043457031,5622910
2013-03-26,87.5,89.0,86.9000015258789,88.19999694824219,80.68325805664062,6766929
2013-03-28,88.19999694824219,91.94999694824219,87.6500015258789,91.5999984741211,83.79351043701172,13010048
2013-04-01,92.19999694824219,92.69999694824219,90.5,91.69999694824219,83.88497161865234,4414052
2013-04-02,91.5,93.4000015258789,91.25,93.1500015258789,85.21141052246094,4370443
2013-04-03,92.5,93.9000015258789,89.5999984741211,90.5,82.78726196289062,6856262
2013-04-04,89.80000305175781,90.75,88.25,88.5,80.95770263671875,4545436
2013-04-05,88.0,90.25,87.55000305175781,89.8499984741211,82.19264221191406,7366012
2013-04-08,90.0999984741211,91.19999694824219,89.6500015258789,90.5999984741211,82.87873077392578,5753327
2013-04-09,91.6500015258789,92.4000015258789,90.5999984741211,90.8499984741211,83.10742950439453,7646303
2013-04-10,91.25,91.94999694824219,88.80000305175781,90.94999694824219,83.19889831542969,5252564
2013-04-11,91.9000015258789,91.94999694824219,89.4000015258789,90.0999984741211,82.42135620117188,3714734
2013-04-12,89.0,93.25,88.9000015258789,91.5999984741211,83.79351043701172,4435867
2013-04-15,91.4000015258789,91.5999984741211,89.5,91.1500015258789,83.38187408447266,4755374
2013-04-16,90.0,93.30000305175781,89.75,92.8499984741211,84.93697357177734,5608091
2013-04-17,93.0999984741211,93.9000015258789,91.4000015258789,93.0999984741211,85.1656723022461,6041053
2013-04-18,93.0,94.30000305175781,91.80000305175781,93.75,85.76029205322266,7013200
2013-04-22,94.44999694824219,96.1500015258789,93.0,95.44999694824219,87.31538391113281,7264653
2013-04-23,95.5999984741211,97.5999984741211,95.0999984741211,96.30000305175781,88.09295654296875,6402187
2013-04-25,96.5999984741211,98.5,96.5999984741211,98.1500015258789,89.7853012084961,5221811
2013-04-26,98.0,99.80000305175781,98.0,99.0,90.56285858154297,6230237
2013-04-29,99.0,99.6500015258789,97.55000305175781,98.8499984741211,90.42562866210938,2978869
2013-04-30,99.19999694824219,99.5,95.4000015258789,97.25,88.96199798583984,5726841
2013-05-02,97.05000305175781,97.4000015258789,95.55000305175781,95.94999694824219,87.77278900146484,4364022
2013-05-03,95.94999694824219,98.80000305175781,94.80000305175781,98.05000305175781,89.69381713867188,4464583
2013-05-06,99.0,102.1500015258789,98.75,101.69999694824219,93.03274536132812,6785285
2013-05-07,102.0,103.80000305175781,101.4000015258789,101.94999694824219,93.26143646240234,6985141
2013-05-08,102.30000305175781,103.80000305175781,101.6500015258789,103.0,94.22195434570312,7409486
2013-05-09,102.69999694824219,104.1500015258789,102.5999984741211,103.55000305175781,94.72509765625,7470893
2013-05-10,103.5999984741211,106.5,103.1500015258789,105.94999694824219,96.92053985595703,5930251
2013-05-13,105.94999694824219,106.30000305175781,103.44999694824219,105.05000305175781,96.09725952148438,13696216
2013-05-14,104.30000305175781,107.5,103.44999694824219,105.5,96.50889587402344,8583986
2013-05-15,106.5,109.5,106.44999694824219,108.3499984741211,99.11600494384766,8242372
2013-05-16,107.0999984741211,112.55000305175781,107.0999984741211,111.0999984741211,101.63164520263672,7569341
2013-05-17,111.0,112.0999984741211,109.44999694824219,110.1500015258789,100.76260375976562,5189367
2013-05-20,110.30000305175781,111.9000015258789,109.80000305175781,110.1500015258789,100.76260375976562,3996080
2013-05-21,110.0,112.4000015258789,109.30000305175781,110.4000015258789,100.9913101196289,14920677
2013-05-22,110.9000015258789,111.3499984741211,108.3499984741211,110.6500015258789,101.22000122070312,5142628
2013-05-23,110.0,110.80000305175781,107.0999984741211,108.9000015258789,99.61914825439453,13357897
2013-05-24,109.9000015258789,110.19999694824219,104.80000305175781,107.05000305175781,97.92680358886719,8991868
2013-05-27,106.5999984741211,111.5,106.4000015258789,110.5999984741211,101.17425537109375,5154867
2013-05-28,110.9000015258789,110.9000015258789,108.5,110.05000305175781,100.67113494873047,9193504
2013-05-29,108.9000015258789,110.69999694824219,108.1500015258789,110.1500015258789,100.76260375976562,5256339
2013-05-30,109.0,110.5999984741211,106.0,106.8499984741211,97.74385833740234,10861618
2013-05-31,106.1500015258789,106.5,101.0,102.4000015258789,93.67308044433594,9148981
2013-06-03,102.4000015258789,103.1500015258789,99.25,101.4000015258789,92.75831604003906,5575586
2013-06-04,103.69999694824219,103.69999694824219,100.0,100.8499984741211,92.25520324707031,4522679
2013-06-05,100.5,103.25,100.30000305175781,102.5,93.76457214355469,4667579
2013-06-06,101.80000305175781,103.44999694824219,99.9000015258789,102.8499984741211,94.0847396850586,4967248
2013-06-07,102.5,104.5,101.5,101.94999694824219,93.26143646240234,3896574
2013-06-10,102.55000305175781,103.25,99.8499984741211,100.5999984741211,92.02649688720703,3531868
2013-06-11,100.0,100.5999984741211,93.19999694824219,94.3499984741211,86.30914306640625,9481909
2013-06-12,93.0,94.69999694824219,91.5,92.30000305175781,84.4338607788086,6952543
2013-06-13,91.75,97.9000015258789,91.0,96.80000305175781,88.55036163330078,10520991
2013-06-14,97.0,105.19999694824219,97.0,103.6500015258789,94.81655883789062,12196294
2013-06-17,105.0999984741211,105.3499984741211,101.05000305175781,102.0,93.30718994140625,8909126
2013-06-18,101.9000015258789,103.9000015258789,100.19999694824219,101.30000305175781,92.66683959960938,6626285
2013-06-19,101.19999694824219,105.4000015258789,100.6500015258789,104.30000305175781,95.41116333007812,6678170
2013-06-20,102.0999984741211,102.4000015258789,97.19999694824219,97.75,89.41938018798828,10484687
2013-06-21,96.5,101.0,91.1500015258789,94.0,85.98896789550781,11354652
2013-06-24,96.05000305175781,96.9000015258789,92.6500015258789,94.0999984741211,86.08045196533203,6540033
2013-06-25,95.5999984741211,98.1500015258789,94.75,97.05000305175781,88.77904510498047,7980824
2013-06-26,97.0999984741211,97.80000305175781,94.0999984741211,94.69999694824219,86.62931060791016,4472739
2013-06-27,96.9000015258789,97.0,94.80000305175781,95.80000305175781,87.63556671142578,6247947
2013-06-28,97.0999984741211,100.6500015258789,96.5999984741211,99.80000305175781,91.294677734375,6716298
2013-07-01,99.0,102.9000015258789,98.1500015258789,101.9000015258789,93.21570587158203,5796204
2013-07-02,101.80000305175781,104.3499984741211,101.05000305175781,102.44999694824219,93.71883392333984,6291540
2013-07-03,101.55000305175781,101.55000305175781,97.55000305175781,98.9000015258789,90.47138214111328,5372862
2013-07-04,99.3499984741211,100.9000015258789,98.0999984741211,99.94999694824219,91.431884765625,4699475
2013-07-05,101.05000305175781,102.9000015258789,98.19999694824219,99.94999694824219,91.431884765625,3698882
2013-07-08,99.05000305175781,101.0,96.75,100.1500015258789,91.6148452758789,4357406
2013-07-09,101.0,101.94999694824219,99.5,100.8499984741211,92.25520324707031,4020564
2013-07-10,101.25,101.5,97.69999694824219,98.19999694824219,89.8310317993164,3961539
2013-07-11,99.9000015258789,104.4000015258789,99.69999694824219,102.80000305175781,94.03901672363281,8199130
2013-07-12,103.0999984741211,103.5,100.69999694824219,101.80000305175781,93.12422943115234,4027737
2013-07-15,101.5999984741211,106.19999694824219,100.25,105.4000015258789,96.41741943359375,7054795
2013-07-16,102.5,104.4000015258789,102.0,103.9000015258789,95.04524993896484,4815809
2013-07-17,103.69999694824219,104.4000015258789,100.75,101.9000015258789,93.21570587158203,4538415
2013-07-18,102.4000015258789,105.5999984741211,102.4000015258789,104.4000015258789,95.50265502929688,7285184
2013-07-19,104.19999694824219,104.9000015258789,103.0,103.6500015258789,94.81655883789062,4057651
2013-07-22,103.30000305175781,106.1500015258789,102.9000015258789,104.3499984741211,95.45691680908203,4479336
2013-07-23,105.0,106.0,103.75,105.1500015258789,96.18873596191406,5916408
2013-07-24,104.44999694824219,105.05000305175781,101.5999984741211,103.25,94.45064544677734,3802684
2013-07-25,103.0,103.69999694824219,101.30000305175781,102.19999694824219,93.49015045166016,5696212
2013-07-26,102.30000305175781,103.19999694824219,93.80000305175781,94.44999694824219,86.40062713623047,9553322
2013-07-29,95.5,95.5999984741211,89.4000015258789,90.6500015258789,82.92446899414062,7939096
2013-07-30,91.05000305175781,91.6500015258789,85.19999694824219,86.5,79.1281509399414,8851620
2013-07-31,86.5,90.80000305175781,84.5,90.0999984741211,82.42135620117188,6882175
2013-08-01,91.0,92.0,86.4000015258789,87.5,80.04293060302734,5414718
2013-08-02,88.0999984741211,89.0,84.55000305175781,86.69999694824219,79.31108856201172,6503281
2013-08-05,87.0,87.9000015258789,85.19999694824219,86.30000305175781,78.94519805908203,3901121
2013-08-06,85.30000305175781,86.9000015258789,84.5,85.55000305175781,78.25912475585938,5157109
2013-08-07,85.5,87.8499984741211,83.0999984741211,86.5,79.1281509399414,8781589
2013-08-08,86.5,92.4000015258789,86.19999694824219,91.69999694824219,83.88497161865234,8935982
2013-08-12,92.80000305175781,94.8499984741211,90.0,94.05000305175781,86.03470611572266,7344754
2013-08-13,92.0,93.9000015258789,89.69999694824219,91.4000015258789,83.61056518554688,22789755
2013-08-14,92.1500015258789,98.80000305175781,91.55000305175781,98.19999694824219,89.8310317993164,16664295
2013-08-16,97.3499984741211,97.80000305175781,92.05000305175781,93.55000305175781,85.57732391357422,9314657
2013-08-19,93.0,96.6500015258789,90.69999694824219,96.05000305175781,87.8642807006836,9593013
2013-08-20,93.0,98.69999694824219,92.30000305175781,97.3499984741211,89.0534896850586,12915528
2013-08-21,99.0,99.9000015258789,92.0999984741211,93.30000305175781,85.3486328125,11279306
2013-08-22,94.75,105.30000305175781,93.55000305175781,104.0,95.13673400878906,19204284
2013-08-23,104.30000305175781,105.55000305175781,100.80000305175781,103.80000305175781,94.95378112792969,11149842
2013-08-26,103.9000015258789,107.5,102.5,104.4000015258789,95.50265502929688,9829310
2013-08-27,102.4000015258789,104.80000305175781,98.0,99.1500015258789,90.7000732421875,9714221
2013-08-28,98.3499984741211,103.3499984741211,96.5999984741211,102.0999984741211,93.3986587524414,10128111
2013-08-29,103.0,108.5,102.0999984741211,107.0999984741211,97.97254180908203,15191190
2013-08-30,106.4000015258789,109.0,101.80000305175781,105.05000305175781,97.37006378173828,12961890
2013-09-02,105.0,109.5,104.69999694824219,108.94999694824219,100.98493194580078,8545257
2013-09-03,109.4000015258789,110.4000015258789,103.75,104.4000015258789,96.76758575439453,11638850
2013-09-04,104.75,109.5,103.8499984741211,108.55000305175781,100.61418151855469,10579678
2013-09-05,110.05000305175781,110.8499984741211,106.69999694824219,108.19999694824219,100.2897720336914,10731601
2013-09-06,108.30000305175781,109.5,106.0,107.9000015258789,100.01170349121094,8174003
2013-09-10,109.5,111.25,107.0999984741211,110.19999694824219,102.14356994628906,10171012
2013-09-11,110.5,115.3499984741211,109.1500015258789,114.44999694824219,106.08283996582031,12710941
2013-09-12,114.5,114.5,110.05000305175781,111.19999694824219,103.0704345703125,6488525
2013-09-13,110.1500015258789,113.69999694824219,110.0999984741211,112.4000015258789,104.18273162841797,5066014
2013-09-16,113.55000305175781,115.25,111.5,113.0999984741211,104.83153533935547,6926671
2013-09-17,112.80000305175781,114.69999694824219,111.55000305175781,113.9000015258789,105.57305908203125,4628986
2013-09-18,113.9000015258789,115.80000305175781,113.4000015258789,114.6500015258789,106.26823425292969,5013717
2013-09-19,117.0999984741211,119.69999694824219,116.0,118.5,109.83676147460938,7588877
2013-09-20,117.4000015258789,118.1500015258789,112.4000015258789,113.94999694824219,105.61940002441406,7175240
2013-09-23,113.9000015258789,117.1500015258789,113.1500015258789,116.55000305175781,108.02932739257812,5854812
2013-09-24,115.8499984741211,116.75,111.44999694824219,112.0,103.81195831298828,7708701
2013-09-25,112.0,117.55000305175781,111.1500015258789,116.80000305175781,108.26104736328125,7855335
2013-09-26,116.19999694824219,119.1500015258789,115.1500015258789,117.05000305175781,108.49275970458984,7970953
2013-09-27,117.0999984741211,118.5,113.25,113.9000015258789,105.57305908203125,5494749
2013-09-30,112.05000305175781,113.8499984741211,110.55000305175781,111.9000015258789,103.71928405761719,5614201
2013-10-01,111.75,112.5,109.1500015258789,110.5,102.421630859375,5375233
2013-10-03,111.19999694824219,116.19999694824219,110.5,115.55000305175781,107.10244750976562,6776388
2013-10-04,114.75,119.8499984741211,114.1500015258789,118.05000305175781,109.41967010498047,10374519
2013-10-07,117.1500015258789,122.4000015258789,116.5,121.8499984741211,112.94184875488281,14800082
2013-10-08,123.0,123.0,119.0999984741211,119.44999694824219,110.71732330322266,8023428
2013-10-09,118.5,120.5999984741211,117.9000015258789,119.5999984741211,110.85635375976562,9207369
2013-10-10,119.0999984741211,121.44999694824219,116.19999694824219,117.05000305175781,108.49275970458984,7408245
2013-10-11,119.0,119.0999984741211,113.5,114.25,105.89749145507812,12420442
2013-10-14,114.25,114.25,109.80000305175781,110.5999984741211,102.51431274414062,10461942
2013-10-15,108.0,113.3499984741211,105.0,112.0999984741211,103.90463256835938,22947336
2013-10-17,110.0,113.75,109.30000305175781,111.1500015258789,103.02410125732422,9822584
2013-10-18,110.19999694824219,115.80000305175781,110.19999694824219,114.8499984741211,106.45360565185547,12059655
2013-10-21,115.5999984741211,119.80000305175781,114.94999694824219,118.4000015258789,109.74407958984375,10397418
2013-10-22,117.80000305175781,121.1500015258789,115.69999694824219,116.5,107.98297882080078,10174738
2013-10-23,115.5,118.6500015258789,113.30000305175781,115.9000015258789,107.42684173583984,11436312
2013-10-24,115.0999984741211,118.0999984741211,113.9000015258789,114.55000305175781,106.17552947998047,6134457
2013-10-25,114.0,114.0,108.9000015258789,109.19999694824219,101.21665954589844,11030631
2013-10-28,109.5,110.6500015258789,106.5,107.05000305175781,99.22386169433594,7039471
2013-10-29,107.0,110.69999694824219,106.0999984741211,110.25,102.18990325927734,6557724
2013-10-30,110.6500015258789,113.9000015258789,109.94999694824219,113.44999694824219,105.15594482421875,7013388
2013-10-31,112.55000305175781,116.30000305175781,111.69999694824219,115.05000305175781,106.63899993896484,8231615
2013-11-01,114.25,115.9000015258789,113.3499984741211,115.19999694824219,106.77801513671875,6356485
2013-11-05,115.9000015258789,118.8499984741211,114.5999984741211,117.69999694824219,109.09525299072266,5356086
2013-11-06,117.55000305175781,118.05000305175781,114.3499984741211,115.25,106.82437133789062,3544847
2013-11-07,115.5,119.19999694824219,114.69999694824219,116.8499984741211,108.30738830566406,8682989
2013-11-08,116.9000015258789,117.9000015258789,114.4000015258789,116.5,107.98297882080078,5874233
2013-11-11,115.9000015258789,116.30000305175781,110.80000305175781,111.3499984741211,103.20948791503906,7096767
2013-11-12,112.25,114.44999694824219,110.0,111.25,103.1167984008789,10337140
2013-11-13,110.19999694824219,114.9000015258789,109.0999984741211,113.94999694824219,105.61940002441406,8827958
2013-11-14,115.0,117.0,114.3499984741211,115.19999694824219,106.77801513671875,6313951
2013-11-18,116.5,119.4000015258789,113.94999694824219,119.0,110.30020904541016,8677657
2013-11-19,119.3499984741211,124.69999694824219,119.30000305175781,124.25,115.16639709472656,16182171
2013-11-20,124.0999984741211,125.0,120.1500015258789,120.75,111.92227935791016,7845073
2013-11-21,120.19999694824219,122.1500015258789,118.9000015258789,119.5,110.76365661621094,7108124
2013-11-22,120.5,121.6500015258789,116.4000015258789,118.4000015258789,109.74407958984375,8317855
2013-11-25,119.0,120.8499984741211,117.0,118.1500015258789,109.5123519897461,5389057
2013-11-26,118.0,122.0,117.5999984741211,118.44999694824219,109.7904052734375,8244575
2013-11-27,119.0,120.5999984741211,116.9000015258789,118.75,110.06848907470703,6496457
2013-11-28,119.5999984741211,122.3499984741211,118.75,121.4000015258789,112.52477264404297,8327954
2013-11-29,121.0,123.4000015258789,121.0,122.69999694824219,113.72972106933594,5005082
2013-12-02,122.75,123.4000015258789,120.3499984741211,121.8499984741211,112.94184875488281,5004229
2013-12-03,120.75,126.3499984741211,120.4000015258789,124.05000305175781,114.98101806640625,9469051
2013-12-04,124.0,124.44999694824219,120.1500015258789,120.69999694824219,111.87593078613281,5586058
2013-12-05,122.6500015258789,123.94999694824219,121.25,121.75,112.84915924072266,4796038
2013-12-06,119.05000305175781,122.44999694824219,119.0,120.5,111.6905517578125,5150035
2013-12-09,123.80000305175781,124.94999694824219,121.1500015258789,123.9000015258789,114.84198760986328,6669984
2013-12-10,124.4000015258789,126.0,120.69999694824219,125.0999984741211,115.95425415039062,8452805
2013-12-11,125.0,126.8499984741211,122.69999694824219,123.44999694824219,114.42488861083984,8394182
2013-12-12,122.0,123.25,120.5,121.05000305175781,112.20033264160156,3781269
2013-12-13,120.19999694824219,121.05000305175781,117.80000305175781,118.69999694824219,110.02214813232422,6925600
2013-12-16,118.0,119.0,115.6500015258789,116.6500015258789,108.12201690673828,4894608
2013-12-17,117.5,119.0,116.0999984741211,116.44999694824219,107.9366455078125,4133927
2013-12-18,116.6500015258789,118.44999694824219,116.05000305175781,117.80000305175781,109.18794250488281,4704581
2013-12-19,118.5,120.75,117.6500015258789,119.0,110.30020904541016,9030128
2013-12-20,118.0,120.1500015258789,118.0,119.44999694824219,110.71732330322266,5390331
2013-12-23,120.0,124.80000305175781,120.0,123.55000305175781,114.51757049560547,6397430
2013-12-24,123.5999984741211,124.3499984741211,121.5,122.0,113.08088684082031,2888364
2013-12-26,120.80000305175781,122.69999694824219,120.3499984741211,121.0999984741211,112.2466812133789,5727281
2013-12-27,121.0999984741211,123.0999984741211,120.5999984741211,122.44999694824219,113.49799346923828,2847198
2013-12-30,123.0,123.4000015258789,121.0999984741211,121.75,112.84915924072266,2793865
2013-12-31,122.0,123.1500015258789,121.25,122.5999984741211,113.63703155517578,2175457
2014-01-01,122.5999984741211,123.80000305175781,121.3499984741211,121.80000305175781,112.8955307006836,4120036
2014-01-02,121.80000305175781,125.6500015258789,120.0,120.6500015258789,111.82958984375,7275995
2014-01-03,120.0,120.69999694824219,117.0999984741211,118.75,110.06848907470703,4279292
2014-01-06,118.5,119.5999984741211,117.19999694824219,118.25,109.60503387451172,3307710
2014-01-07,118.1500015258789,118.94999694824219,115.0,116.05000305175781,107.5658950805664,4922926
2014-01-08,118.25,118.30000305175781,114.5,115.25,106.82437133789062,5002283
2014-01-09,115.0,115.25,112.0,112.6500015258789,104.41443634033203,5398443
2014-01-10,112.80000305175781,113.0,110.1500015258789,110.55000305175781,102.46797180175781,9012277
2014-01-13,110.19999694824219,112.25,108.5,110.0,101.95817565917969,4214147
2014-01-14,110.0,111.25,108.75,109.4000015258789,101.40205383300781,2923798
2014-01-15,110.30000305175781,112.9000015258789,110.19999694824219,110.8499984741211,102.74603271484375,4817973
2014-01-16,111.44999694824219,113.3499984741211,111.1500015258789,112.94999694824219,104.69252014160156,4745742
2014-01-17,113.5,114.0,110.5,111.30000305175781,103.16313934326172,5325344
2014-01-20,110.0999984741211,113.5,110.0999984741211,112.0999984741211,103.90463256835938,3113909
2014-01-21,112.44999694824219,113.4000015258789,110.6500015258789,113.0,104.73885345458984,3825639
2014-01-22,112.5999984741211,115.4000015258789,112.5,115.19999694824219,106.77801513671875,5517465
2014-01-23,114.19999694824219,115.25,113.5999984741211,114.30000305175781,105.94381713867188,2853691
2014-01-24,113.1500015258789,115.3499984741211,113.0,114.0,105.66575622558594,5737135
2014-01-27,112.0,112.69999694824219,109.30000305175781,111.0999984741211,102.9777603149414,8724577
2014-01-28,110.0,115.0,109.75,113.80000305175781,105.48037719726562,4513345
2014-01-29,114.5,114.75,111.1500015258789,111.75,103.58024597167969,4713458
2014-01-30,110.19999694824219,110.69999694824219,107.5999984741211,108.0999984741211,100.19707489013672,5077231
2014-01-31,109.05000305175781,110.0,107.0,109.55000305175781,101.54108428955078,8287236
2014-02-03,109.0,109.4000015258789,103.0,103.44999694824219,95.88703155517578,5572627
2014-02-04,102.0,103.44999694824219,99.80000305175781,102.44999694824219,94.96014404296875,13935173
2014-02-05,102.4000015258789,105.1500015258789,101.0,104.25,96.62855529785156,9106760
2014-02-06,104.6500015258789,106.5,103.0999984741211,105.75,98.01889038085938,10194884
2014-02-07,106.1500015258789,107.69999694824219,104.75,106.4000015258789,98.62136840820312,9650511
2014-02-10,106.44999694824219,107.69999694824219,105.80000305175781,106.80000305175781,98.99212646484375,3124538
2014-02-11,106.9000015258789,107.0999984741211,104.25,104.55000305175781,96.9066162109375,3964390
2014-02-12,105.1500015258789,105.5999984741211,103.05000305175781,103.5,95.93338012695312,5325176
2014-02-13,103.9000015258789,104.55000305175781,99.75,100.19999694824219,92.87462615966797,12652556
2014-02-14,100.75,101.0,97.8499984741211,99.9000015258789,92.5965576171875,6390793
2014-02-17,100.0,100.75,97.6500015258789,98.5,91.29891967773438,6870442
2014-02-18,98.69999694824219,100.5,97.75,99.30000305175781,92.04044342041016,8475360
2014-02-19,99.5999984741211,100.0999984741211,98.4000015258789,98.8499984741211,91.6233139038086,4582897
2014-02-20,98.5,98.55000305175781,97.05000305175781,97.3499984741211,90.23300170898438,3404267
2014-02-21,97.30000305175781,98.25,97.30000305175781,97.6500015258789,90.51105499267578,6484994
2014-02-24,97.6500015258789,98.80000305175781,96.69999694824219,97.44999694824219,90.32566833496094,8047904
2014-02-25,97.1500015258789,99.05000305175781,97.0,98.80000305175781,91.57698059082031,15034041
2014-02-26,99.75,99.75,98.05000305175781,98.4000015258789,91.20623016357422,12130348
2014-02-28,99.0,106.4000015258789,99.0,105.3499984741211,97.64812469482422,26493472
2014-03-03,105.0,107.3499984741211,104.69999694824219,105.5999984741211,97.87985229492188,9870841
2014-03-04,105.4000015258789,114.25,105.4000015258789,113.5999984741211,105.29499816894531,16427565
2014-03-05,114.8499984741211,117.19999694824219,112.19999694824219,115.75,107.28780364990234,12023136
2014-03-06,115.75,121.19999694824219,114.69999694824219,120.80000305175781,111.96862030029297,16609108
2014-03-07,120.0999984741211,125.8499984741211,119.80000305175781,124.55000305175781,115.4444580078125,15695038
2014-03-10,123.05000305175781,123.5,121.0,121.94999694824219,113.0345458984375,8823020
2014-03-11,121.9000015258789,121.9000015258789,116.19999694824219,117.4000015258789,108.81719207763672,14421017
2014-03-12,115.69999694824219,118.4000015258789,113.94999694824219,114.75,106.36091613769531,9497798
2014-03-13,114.5,118.94999694824219,114.5,115.6500015258789,107.19510650634766,6402750
2014-03-14,114.69999694824219,116.0999984741211,113.5,115.19999694824219,106.77801513671875,5684021
2014-03-18,116.0,116.4000015258789,114.19999694824219,114.8499984741211,106.45360565185547,8034386
2014-03-19,115.25,121.0999984741211,114.05000305175781,120.05000305175781,111.27345275878906,15915307
2014-03-20,119.6500015258789,121.94999694824219,119.0,119.6500015258789,110.90267944335938,7021283
2014-03-21,120.55000305175781,124.0,119.80000305175781,123.5,114.47122955322266,10588714
2014-03-24,120.0,122.5,118.19999694824219,121.5999984741211,112.71012115478516,7514958
2014-03-25,120.94999694824219,122.6500015258789,120.25,120.75,111.92227935791016,8547719
2014-03-26,121.0999984741211,125.94999694824219,121.0999984741211,125.4000015258789,116.2323226928711,14059505
2014-03-27,125.19999694824219,126.44999694824219,124.05000305175781,125.4000015258789,116.2323226928711,6763076
2014-03-28,125.4000015258789,131.6999969482422,125.0,130.89999389648438,121.3302230834961,9719662
2014-03-31,132.0,142.9499969482422,131.0500030517578,141.75,131.3870086669922,27873616
2014-04-01,142.0,142.5,136.10000610351562,138.1999969482422,128.0965576171875,12584698
2014-04-02,139.0,139.5500030517578,134.60000610351562,136.0,126.057373046875,10111996
2014-04-03,136.0,140.89999389648438,133.3000030517578,137.14999389648438,127.1233139038086,10256995
2014-04-04,137.89999389648438,139.39999389648438,136.10000610351562,137.64999389648438,127.58676147460938,5444146
2014-04-07,137.5,138.9499969482422,134.1999969482422,137.35000610351562,127.30870819091797,4661247
2014-04-09,138.0,143.9499969482422,137.8000030517578,142.89999389648438,132.4529571533203,9943888
2014-04-10,143.5,145.10000610351562,140.60000610351562,142.5,132.0821990966797,8923225
2014-04-11,141.10000610351562,143.25,139.1999969482422,140.6999969482422,130.4137725830078,5404598
2014-04-15,140.6999969482422,142.10000610351562,133.1999969482422,134.0500030517578,124.24994659423828,5422799
2014-04-16,133.3000030517578,137.85000610351562,131.60000610351562,135.4499969482422,125.54759979248047,8006291
2014-04-17,135.75,142.0,135.0,141.4499969482422,131.10894775390625,8629888
2014-04-21,141.8000030517578,144.5,141.5,143.5,133.0090789794922,4436455
2014-04-22,142.0,147.1999969482422,140.3000030517578,144.85000610351562,134.26039123535156,6223989
2014-04-23,145.0,146.0,142.8000030517578,145.14999389648438,134.5384521484375,5031335
2014-04-24,145.14999389648438,145.14999389648438,145.14999389648438,145.14999389648438,134.5384521484375,0
2014-04-25,143.3000030517578,146.89999389648438,142.1999969482422,143.75,133.2407989501953,4116077
2014-04-28,143.0,145.3000030517578,140.8000030517578,141.25,130.92356872558594,4118525
2014-04-29,141.0,143.0,136.3000030517578,137.1999969482422,127.1696548461914,4775590
2014-04-30,136.64999389648438,138.85000610351562,132.0500030517578,134.3000030517578,124.48165893554688,7609347
2014-05-02,135.1999969482422,136.0,130.25,131.64999389648438,122.02539825439453,5364611
2014-05-05,130.0,141.0,129.85000610351562,138.89999389648438,128.74537658691406,9715098
2014-05-06,139.39999389648438,140.64999389648438,135.8000030517578,138.6999969482422,128.55999755859375,4170017
2014-05-07,138.35000610351562,138.64999389648438,134.3000030517578,135.1999969482422,125.31585693359375,3592081
2014-05-08,136.25,139.10000610351562,135.0,136.75,126.7525634765625,4178306
2014-05-09,136.5,144.6999969482422,136.5,144.10000610351562,133.56521606445312,7371362
2014-05-12,143.5,144.8000030517578,140.5500030517578,143.39999389648438,132.9163818359375,8081158
2014-05-13,144.0,149.8000030517578,141.1999969482422,142.1999969482422,131.80410766601562,16612600
2014-05-14,142.1999969482422,145.8000030517578,140.39999389648438,141.1999969482422,130.8772430419922,12157631
2014-05-15,142.0,143.4499969482422,137.10000610351562,138.5,128.3746337890625,6154288
2014-05-16,141.89999389648438,145.9499969482422,139.10000610351562,141.1999969482422,130.8772430419922,13107049
2014-05-19,142.60000610351562,152.9499969482422,142.0,152.0500030517578,140.9340362548828,13751989
2014-05-20,155.14999389648438,159.0,152.35000610351562,156.1999969482422,144.78062438964844,9385502
2014-05-21,156.10000610351562,163.64999389648438,152.0500030517578,159.6999969482422,148.0247344970703,13573762
2014-05-22,161.85000610351562,161.85000610351562,154.0,155.10000610351562,143.7610321044922,12270836
2014-05-23,156.9499969482422,156.9499969482422,149.6999969482422,152.0500030517578,140.9340362548828,19542712
2014-05-26,155.0,155.1999969482422,143.6999969482422,147.10000610351562,136.3459014892578,12522081
2014-05-27,147.89999389648438,150.5,141.75,149.64999389648438,138.70947265625,13805470
2014-05-28,149.6999969482422,151.5500030517578,146.10000610351562,147.1999969482422,136.4385986328125,11376239
2014-05-29,146.5,153.1999969482422,143.10000610351562,149.3000030517578,138.3850555419922,19321960
2014-05-30,151.5,152.5,147.0,148.0,137.1800994873047,11040937
2014-06-02,147.3000030517578,151.14999389648438,146.35000610351562,150.0500030517578,139.08023071289062,13844656
2014-06-03,150.6999969482422,155.6999969482422,149.35000610351562,155.1999969482422,143.8537139892578,23276134
2014-06-04,156.0,161.75,155.1999969482422,160.6999969482422,148.95166015625,15948295
2014-06-05,160.60000610351562,171.0,159.9499969482422,169.85000610351562,157.4326934814453,20296986
2014-06-06,172.0,172.10000610351562,165.3000030517578,169.25,156.87660217285156,13769155
2014-06-09,169.8000030517578,173.64999389648438,167.60000610351562,169.60000610351562,157.2009735107422,10337636
2014-06-10,169.64999389648438,173.35000610351562,162.1999969482422,169.75,157.33998107910156,13457788
2014-06-11,170.0,171.5,161.0,162.64999389648438,150.7590789794922,11473448
2014-06-12,162.8000030517578,170.0,162.0,169.25,156.87660217285156,13367632
2014-06-13,169.4499969482422,169.4499969482422,158.5,162.35000610351562,150.48098754882812,11006055
2014-06-16,161.5,168.25,158.60000610351562,161.1999969482422,149.41506958007812,10365321
2014-06-17,161.0,163.6999969482422,157.0,162.64999389648438,150.7590789794922,9823831
2014-06-18,161.35000610351562,169.60000610351562,161.35000610351562,166.8000030517578,154.6056671142578,14186255
2014-06-19,167.9499969482422,170.6999969482422,164.14999389648438,167.75,155.48623657226562,14719990
2014-06-20,167.89999389648438,169.8000030517578,163.0,163.8000030517578,151.82498168945312,8800606
2014-06-23,163.5,167.39999389648438,163.14999389648438,165.3000030517578,153.21534729003906,8765528
2014-06-24,166.10000610351562,168.35000610351562,165.3000030517578,166.8000030517578,154.6056671142578,6166113
2014-06-25,167.0,168.0,165.64999389648438,166.6999969482422,154.5129852294922,4898203
2014-06-26,166.5,168.25,164.0,165.25,153.16897583007812,7655847
2014-06-27,165.10000610351562,165.3000030517578,160.25,160.89999389648438,149.13699340820312,6538554
2014-06-30,160.5,165.3000030517578,160.0,164.1999969482422,152.19573974609375,5259988
2014-07-01,167.1999969482422,177.1999969482422,167.1999969482422,175.25,162.43792724609375,18819612
2014-07-02,177.8000030517578,179.14999389648438,174.0500030517578,178.25,165.21859741210938,11699288
2014-07-03,178.25,180.75,172.85000610351562,173.75,161.04757690429688,12055737
2014-07-04,171.9499969482422,174.5500030517578,171.0500030517578,173.25,160.58412170410156,6733395
2014-07-07,173.4499969482422,175.85000610351562,172.10000610351562,174.5,161.7427520751953,7093773
2014-07-08,174.6999969482422,175.89999389648438,168.14999389648438,169.0,156.6448211669922,6479098
2014-07-09,168.35000610351562,177.60000610351562,167.3000030517578,170.5500030517578,158.08152770996094,11753471
2014-07-10,172.0,184.89999389648438,168.3000030517578,176.25,163.3648223876953,13850220
2014-07-11,176.5,177.64999389648438,165.35000610351562,166.75,154.559326171875,9546897
2014-07-14,165.4499969482422,175.0,165.0,173.39999389648438,160.72314453125,7338881
2014-07-15,175.39999389648438,176.39999389648438,167.64999389648438,174.6999969482422,161.92811584472656,8803424
2014-07-16,176.0,183.3000030517578,174.3000030517578,182.3000030517578,168.97251892089844,10109551
2014-07-17,183.3000030517578,189.5,180.60000610351562,188.64999389648438,174.8582763671875,11547823
2014-07-18,187.0,187.14999389648438,183.5500030517578,184.60000610351562,171.1043701171875,9555163
2014-07-21,185.85000610351562,186.0,179.1999969482422,183.85000610351562,170.40921020507812,12711833
2014-07-22,184.60000610351562,190.0,183.0,188.25,174.4875030517578,12856830
2014-07-23,189.0,194.5,189.0,193.75,179.58541870117188,16908175
2014-07-24,194.1999969482422,198.89999389648438,192.5,198.0,183.52471923828125,14784601
2014-07-25,198.89999389648438,198.89999389648438,190.5,191.8000030517578,177.77801513671875,14535973
2014-07-28,191.8000030517578,194.39999389648438,186.5,187.8000030517578,174.07040405273438,7659739
2014-07-30,188.0500030517578,193.8000030517578,186.10000610351562,192.60000610351562,178.51950073242188,10593328
2014-07-31,193.10000610351562,195.0,188.64999389648438,191.6999969482422,177.685302734375,13370034
2014-08-01,189.6999969482422,194.6999969482422,183.14999389648438,184.3000030517578,170.82630920410156,12377607
2014-08-04,184.10000610351562,193.14999389648438,184.10000610351562,190.89999389648438,176.94375610351562,9443678
2014-08-05,191.39999389648438,196.60000610351562,189.10000610351562,195.64999389648438,181.3465118408203,10095697
2014-08-06,194.25,196.6999969482422,190.9499969482422,191.75,177.73162841796875,6055467
2014-08-07,192.0,193.35000610351562,188.10000610351562,189.10000610351562,175.275390625,7742761
2014-08-08,186.8000030517578,187.1999969482422,180.5500030517578,183.9499969482422,170.50186157226562,9919821
2014-08-11,185.0,187.89999389648438,184.5,185.64999389648438,172.0775909423828,4670064
2014-08-12,187.8000030517578,187.8000030517578,183.3000030517578,185.39999389648438,171.84588623046875,7032239
2014-08-13,184.5500030517578,185.4499969482422,177.14999389648438,180.0500030517578,166.88699340820312,7549317
2014-08-14,180.8000030517578,183.4499969482422,175.75,178.60000610351562,165.5430145263672,14030737
2014-08-18,176.4499969482422,185.25,176.0500030517578,182.25,168.9261474609375,9334923
2014-08-19,182.39999389648438,185.64999389648438,179.8000030517578,180.85000610351562,167.62855529785156,10288612
2014-08-20,180.4499969482422,183.0,179.4499969482422,180.35000610351562,167.1650848388672,10604946
2014-08-21,179.0,182.35000610351562,176.5,177.89999389648438,164.89414978027344,7638544
2014-08-22,178.0500030517578,184.14999389648438,178.0500030517578,182.5,169.1578826904297,8364204
2014-08-25,183.75,184.6999969482422,160.14999389648438,164.85000610351562,152.79824829101562,18698120
2014-08-26,159.0,171.60000610351562,157.6999969482422,170.5,158.03518676757812,22135877
2014-08-27,171.0,173.3000030517578,168.25,172.3000030517578,159.70361328125,9876204
2014-08-28,171.85000610351562,173.8000030517578,169.5,170.10000610351562,157.66441345214844,6182439
2014-09-01,171.89999389648438,178.9499969482422,169.39999389648438,176.14999389648438,163.27212524414062,11752433
2014-09-02,176.0,177.5,173.5,174.85000610351562,162.067138671875,7741063
2014-09-03,174.0,177.25,173.1999969482422,175.10000610351562,162.2989044189453,8545333
2014-09-04,173.3000030517578,174.9499969482422,165.85000610351562,169.5,157.10826110839844,6861332
2014-09-05,168.5500030517578,172.4499969482422,166.0500030517578,167.6999969482422,155.43988037109375,5787423
2014-09-08,168.10000610351562,174.0,168.10000610351562,173.4499969482422,161.73391723632812,8514685
2014-09-09,172.5,174.9499969482422,169.35000610351562,172.89999389648438,161.22108459472656,7951226
2014-09-10,170.60000610351562,174.89999389648438,170.10000610351562,172.89999389648438,161.22108459472656,4651282
2014-09-11,172.0500030517578,175.4499969482422,171.6999969482422,173.0,161.31431579589844,4690133
2014-09-12,173.0,173.4499969482422,167.10000610351562,168.60000610351562,157.21153259277344,6512210
2014-09-15,167.9499969482422,168.75,162.9499969482422,163.60000610351562,152.5492706298828,8421482
2014-09-16,162.0,165.9499969482422,160.0,160.35000610351562,149.51881408691406,8528462
2014-09-17,162.0500030517578,163.3000030517578,157.0,160.64999389648438,149.7985076904297,7797094
2014-09-18,160.5,165.25,159.4499969482422,163.0,151.9897918701172,4836865
2014-09-19,163.3000030517578,166.5,162.10000610351562,164.3000030517578,153.20199584960938,8650571
2014-09-22,164.10000610351562,165.35000610351562,160.25,162.1999969482422,151.24383544921875,5133026
2014-09-23,161.5500030517578,164.0,155.1999969482422,157.14999389648438,146.5349578857422,7484298
2014-09-24,155.60000610351562,162.5,148.6999969482422,156.10000610351562,145.55587768554688,22873474
2014-09-25,154.8000030517578,155.64999389648438,133.0500030517578,149.14999389648438,139.0753173828125,31086655
2014-09-26,146.6999969482422,159.10000610351562,146.10000610351562,157.25,146.6282196044922,13351556
2014-09-29,157.8000030517578,161.64999389648438,153.60000610351562,159.6999969482422,148.9127197265625,9198699
2014-09-30,158.5,163.0,155.89999389648438,156.75,146.16195678710938,10734306
2014-10-01,155.1999969482422,158.39999389648438,152.64999389648438,155.25,144.76329040527344,8703260
2014-10-07,153.8000030517578,154.5500030517578,147.25,148.25,138.2361297607422,12921339
2014-10-08,146.8000030517578,149.8000030517578,145.6999969482422,148.8000030517578,138.7489776611328,9467940
2014-10-09,151.10000610351562,158.5,151.10000610351562,157.85000610351562,147.18765258789062,12406852
2014-10-10,155.0500030517578,155.0500030517578,149.4499969482422,150.14999389648438,140.00779724121094,10095610
2014-10-13,149.6999969482422,152.0,147.39999389648438,151.10000610351562,140.8936004638672,7777533
2014-10-14,151.60000610351562,155.1999969482422,147.5500030517578,151.0,140.80038452148438,11878963
2014-10-15,151.0,151.0,151.0,151.0,140.80038452148438,0
2014-10-16,151.0,151.0,141.3000030517578,142.39999389648438,132.78128051757812,11734190
2014-10-17,143.0,144.0,138.14999389648438,139.4499969482422,130.03053283691406,13305567
2014-10-20,143.0,147.5500030517578,141.9499969482422,146.5,136.6043243408203,10451491
2014-10-21,147.5500030517578,150.89999389648438,147.0500030517578,147.89999389648438,137.9097442626953,8449946
2014-10-22,150.0,151.0,145.5,148.4499969482422,138.422607421875,7869325
2014-10-27,150.0,151.5,146.5500030517578,147.35000610351562,137.3969268798828,6682773
2014-10-28,146.60000610351562,148.89999389648438,144.64999389648438,147.6999969482422,137.7232666015625,6866486
2014-10-29,148.1999969482422,158.3000030517578,148.1999969482422,156.89999389648438,146.3018341064453,12809507
2014-10-30,156.75,162.0,154.60000610351562,160.35000610351562,149.51881408691406,11033080
2014-10-31,160.1999969482422,164.4499969482422,158.8000030517578,163.6999969482422,152.64251708984375,7740469
2014-11-03,163.10000610351562,166.0,160.5,163.5500030517578,152.50267028808594,7051365
2014-11-05,163.4499969482422,164.0500030517578,155.3000030517578,156.5,145.92884826660156,8390745
2014-11-07,157.0500030517578,160.4499969482422,154.60000610351562,156.10000610351562,145.55587768554688,9383309
2014-11-10,156.5500030517578,157.0,151.5,152.0,141.73281860351562,9011011
2014-11-11,153.0,154.8000030517578,149.64999389648438,151.25,141.03347778320312,11436433
2014-11-12,151.5,153.64999389648438,150.64999389648438,151.3000030517578,141.08009338378906,10127123
2014-11-13,152.3000030517578,154.5,149.60000610351562,151.89999389648438,141.6396026611328,13597431
2014-11-14,152.0,158.64999389648438,150.9499969482422,157.3000030517578,146.67481994628906,10434031
2014-11-17,156.14999389648438,159.0500030517578,155.5,158.0500030517578,147.3741455078125,5914642
2014-11-18,157.0,160.75,154.5500030517578,155.3000030517578,144.80992126464844,9471205
2014-11-19,157.5,160.1999969482422,154.0500030517578,154.75,144.2970733642578,9177295
2014-11-20,156.5,157.60000610351562,154.10000610351562,156.0,145.46263122558594,6453261
2014-11-21,156.5,161.0,155.89999389648438,160.3000030517578,149.47219848632812,8704409
2014-11-24,162.64999389648438,168.0,161.9499969482422,165.64999389648438,154.46080017089844,10540335
2014-11-25,165.60000610351562,166.5,158.8000030517578,165.5500030517578,154.36758422851562,9865469
2014-11-26,164.60000610351562,169.8000030517578,162.14999389648438,169.14999389648438,157.72438049316406,7594843
2014-11-27,170.0,176.60000610351562,168.8000030517578,172.60000610351562,160.9413604736328,16167478
2014-11-28,173.39999389648438,175.1999969482422,172.10000610351562,174.0500030517578,162.29339599609375,8705076
2014-12-01,173.0,175.0500030517578,165.64999389648438,167.39999389648438,156.0926055908203,9673977
2014-12-02,167.0,172.25,166.0,171.0500030517578,159.4960479736328,9360449
2014-12-03,171.8000030517578,173.0,168.0,169.0500030517578,157.63116455078125,6342942
2014-12-04,170.0500030517578,171.3000030517578,165.3000030517578,165.89999389648438,154.6939239501953,7635372
2014-12-05,167.4499969482422,167.8000030517578,162.89999389648438,163.1999969482422,152.1763153076172,6802949
2014-12-08,162.75,164.85000610351562,157.8000030517578,159.14999389648438,148.39987182617188,9025091
2014-12-09,157.6999969482422,158.75,152.5,154.4499969482422,144.017333984375,7678563
2014-12-10,154.8000030517578,157.1999969482422,153.1999969482422,154.0,143.59771728515625,4808967
2014-12-11,153.3000030517578,157.0500030517578,151.5,155.5500030517578,145.0430145263672,5043248
2014-12-12,158.0,158.0,152.10000610351562,153.5500030517578,143.17813110351562,6382001
2014-12-15,152.0,155.1999969482422,151.5,153.1999969482422,142.8517608642578,5268900
2014-12-16,151.0,151.85000610351562,141.85000610351562,144.75,134.97256469726562,16684445
2014-12-17,143.0,148.1999969482422,139.0,147.10000610351562,137.163818359375,11916627
2014-12-18,149.0,154.9499969482422,149.0,152.9499969482422,142.61863708496094,8113040
2014-12-19,152.0,158.5,152.0,157.8000030517578,147.14105224609375,11532006
2014-12-22,156.5,158.85000610351562,154.9499969482422,155.8000030517578,145.27615356445312,4714890
2014-12-23,155.10000610351562,155.6999969482422,152.1999969482422,153.10000610351562,142.75852966308594,6821884
2014-12-24,153.10000610351562,153.5,149.60000610351562,150.60000610351562,140.42739868164062,8568559
2014-12-26,150.75,153.60000610351562,149.75,152.0,141.73281860351562,4821806
2014-12-29,153.0,157.89999389648438,152.1999969482422,157.0500030517578,146.44171142578125,4804910
2014-12-30,157.10000610351562,157.60000610351562,154.75,156.35000610351562,145.7889862060547,3056250
2014-12-31,156.4499969482422,159.6999969482422,156.39999389648438,157.5500030517578,146.90794372558594,4327309
2015-01-01,157.39999389648438,159.0,155.39999389648438,158.4499969482422,147.74713134765625,2350082
2015-01-02,158.89999389648438,161.1999969482422,158.35000610351562,160.10000610351562,149.2856903076172,2923839
2015-01-05,161.0,161.9499969482422,155.5,156.85000610351562,146.25521850585938,4830121
2015-01-06,156.3000030517578,156.3000030517578,151.14999389648438,153.39999389648438,143.03826904296875,7054029
2015-01-07,153.8000030517578,154.5,146.6999969482422,148.89999389648438,138.84222412109375,6638158
2015-01-08,150.6999969482422,153.1999969482422,148.5500030517578,152.5500030517578,142.2456817626953,3540099
2015-01-09,153.10000610351562,155.25,152.10000610351562,155.0,144.53018188476562,3743205
2015-01-12,155.1999969482422,155.1999969482422,150.5,151.10000610351562,140.8936004638672,4659450
2015-01-13,152.10000610351562,154.39999389648438,150.75,151.6999969482422,141.4530792236328,4324660
2015-01-14,150.9499969482422,151.35000610351562,140.8000030517578,142.14999389648438,132.54815673828125,13580758
2015-01-15,143.5500030517578,145.75,138.35000610351562,141.89999389648438,132.31504821777344,10860317
2015-01-16,141.5,143.39999389648438,137.75,138.5500030517578,129.1913299560547,9096928
2015-01-19,140.9499969482422,141.6999969482422,139.5,140.25,130.77651977539062,8541810
2015-01-20,141.0,145.1999969482422,141.0,144.6999969482422,134.9259033203125,8856169
2015-01-21,145.64999389648438,146.35000610351562,140.5,143.1999969482422,133.5272216796875,8871757
2015-01-22,143.0500030517578,144.89999389648438,141.10000610351562,143.4499969482422,133.76036071777344,6918171
2015-01-23,145.60000610351562,146.25,142.10000610351562,144.8000030517578,135.01918029785156,6943971
2015-01-27,139.89999389648438,144.5,139.0,142.5,132.87452697753906,7886739
2015-01-28,141.75,143.10000610351562,139.64999389648438,140.14999389648438,130.68324279785156,7496686
2015-01-29,139.89999389648438,142.89999389648438,138.25,142.39999389648438,132.78128051757812,10636771
2015-01-30,143.0,143.10000610351562,138.60000610351562,139.6999969482422,130.2636260986328,7570814
2015-02-02,140.0,145.6999969482422,139.5,145.25,135.43875122070312,7296741
2015-02-03,145.85000610351562,148.5,142.89999389648438,146.4499969482422,136.5576934814453,6262548
2015-02-04,147.0,153.8000030517578,146.0,152.39999389648438,142.10581970214844,8349284
2015-02-05,152.3000030517578,153.89999389648438,146.75,148.0500030517578,138.04962158203125,6672029
2015-02-06,148.0,150.0,145.64999389648438,147.3000030517578,137.35028076171875,5623571
2015-02-09,146.3000030517578,149.0,145.5,146.5500030517578,136.6509552001953,9737189
2015-02-10,148.5,153.6999969482422,146.5500030517578,149.1999969482422,139.1219482421875,8706407
2015-02-11,149.5500030517578,151.5,147.0500030517578,149.85000610351562,139.72805786132812,6154345
2015-02-12,151.8000030517578,153.39999389648438,149.0500030517578,152.8000030517578,142.4788055419922,10713094
2015-02-13,153.0,156.10000610351562,152.0,153.5500030517578,143.17813110351562,5666609
2015-02-16,157.0,158.0,150.25,150.9499969482422,140.7537384033203,4949268
2015-02-18,151.0,152.4499969482422,149.60000610351562,151.64999389648438,141.4064483642578,3717870
2015-02-19,151.0,157.8000030517578,150.10000610351562,156.25,145.69573974609375,8185032
2015-02-20,158.0,160.6999969482422,155.1999969482422,156.5500030517578,145.97547912597656,6630757
2015-02-23,161.60000610351562,161.8000030517578,154.1999969482422,154.85000610351562,144.39031982421875,6743403
2015-02-24,155.0,156.89999389648438,151.39999389648438,153.64999389648438,143.2713623046875,6455384
2015-02-25,154.60000610351562,155.4499969482422,152.25,153.64999389648438,143.2713623046875,3479311
2015-02-26,153.10000610351562,154.0,148.0,149.75,139.63479614257812,9010829
2015-02-27,150.5500030517578,155.8000030517578,149.8000030517578,155.14999389648438,144.67002868652344,6534491
2015-03-02,154.1999969482422,157.39999389648438,153.5,156.5500030517578,145.97547912597656,4452819
2015-03-03,157.5,159.3000030517578,156.14999389648438,158.6999969482422,147.9802703857422,3718817
2015-03-04,160.0,160.0,152.3000030517578,153.10000610351562,142.75852966308594,5559004
2015-03-05,153.0500030517578,154.0,146.89999389648438,148.10000610351562,138.0962677001953,8404364
2015-03-09,149.39999389648438,149.85000610351562,140.0,140.8000030517578,131.2893524169922,8031261
2015-03-10,142.60000610351562,142.60000610351562,136.64999389648438,138.0500030517578,128.72508239746094,6588296
2015-03-11,138.85000610351562,138.85000610351562,127.19999694824219,130.35000610351562,121.54521942138672,21561044
2015-03-12,131.75,135.6999969482422,129.10000610351562,134.89999389648438,125.78787994384766,14242872
2015-03-13,136.6999969482422,136.75,131.0500030517578,131.6999969482422,122.80402374267578,6690050
2015-03-16,131.0,131.39999389648438,123.0999984741211,126.80000305175781,118.23500061035156,10785285
2015-03-17,128.0,134.75,126.80000305175781,134.25,125.18177795410156,9699896
2015-03-18,134.0,134.8000030517578,131.8000030517578,133.14999389648438,124.15608978271484,4154051
2015-03-19,134.0,136.1999969482422,131.3000030517578,132.3000030517578,123.363525390625,4626972
2015-03-20,132.14999389648438,135.0,130.5500030517578,132.0500030517578,123.13038635253906,4836454
2015-03-23,131.9499969482422,136.8000030517578,131.9499969482422,135.89999389648438,126.72032928466797,6306085
2015-03-24,135.8000030517578,135.89999389648438,132.0,132.85000610351562,123.87635803222656,4386125
2015-03-25,133.0,134.4499969482422,132.35000610351562,132.89999389648438,123.92298126220703,2895061
2015-03-26,132.39999389648438,133.39999389648438,128.5500030517578,129.5500030517578,120.79925537109375,7955596
2015-03-27,131.0,134.4499969482422,130.0500030517578,133.9499969482422,124.90204620361328,5241353
2015-03-30,134.25,134.6999969482422,130.3000030517578,131.14999389648438,122.29119110107422,3651285
2015-03-31,133.0,133.4499969482422,128.39999389648438,129.0,120.28639221191406,8516432
2015-04-01,129.0,132.89999389648438,127.5,132.1999969482422,123.27025604248047,7180617
2015-04-06,133.39999389648438,135.10000610351562,132.0,134.6999969482422,125.60138702392578,5542921
2015-04-07,135.0,137.5500030517578,134.1999969482422,136.9499969482422,127.69943237304688,6514199
2015-04-08,137.25,138.89999389648438,136.14999389648438,137.9499969482422,128.63186645507812,6176434
2015-04-09,138.60000610351562,140.85000610351562,136.60000610351562,139.89999389648438,130.45013427734375,6142066
2015-04-10,139.0,139.1999969482422,137.0500030517578,137.89999389648438,128.58522033691406,4860480
2015-04-13,138.0,138.9499969482422,135.10000610351562,136.10000610351562,126.90682220458984,5017864
2015-04-15,136.0,137.39999389648438,134.60000610351562,135.14999389648438,126.02098083496094,8714291
2015-04-16,135.85000610351562,137.89999389648438,135.39999389648438,137.14999389648438,127.88591003417969,5457847
2015-04-17,138.0,141.6999969482422,137.60000610351562,139.75,130.31028747558594,8674061
2015-04-20,140.89999389648438,141.6999969482422,137.1999969482422,138.25,128.9115753173828,5669966
2015-04-21,138.39999389648438,139.35000610351562,133.6999969482422,134.3000030517578,125.22840118408203,6236971
2015-04-22,133.5,135.5,132.60000610351562,134.64999389648438,125.55477142333984,6263990
2015-04-23,135.5,137.0,133.8000030517578,135.0500030517578,125.92776489257812,6782890
2015-04-24,134.85000610351562,135.8000030517578,130.10000610351562,131.14999389648438,122.29119110107422,7487405
2015-04-27,132.0,132.9499969482422,128.25,130.0500030517578,121.2654800415039,4805160
2015-04-28,130.89999389648438,132.4499969482422,129.60000610351562,131.35000610351562,122.47767639160156,6154792
2015-04-29,131.39999389648438,131.39999389648438,128.6999969482422,130.60000610351562,121.77833557128906,7223085
2015-04-30,130.0,130.89999389648438,127.05000305175781,128.60000610351562,119.9134292602539,11618447
2015-05-04,130.39999389648438,133.60000610351562,129.5,133.14999389648438,124.15608978271484,4003261
2015-05-05,133.4499969482422,140.1999969482422,132.35000610351562,139.35000610351562,129.9373016357422,8946517
2015-05-06,138.89999389648438,142.0,135.0500030517578,137.75,128.4453887939453,9503948
2015-05-07,136.89999389648438,136.89999389648438,132.25,134.3000030517578,125.22840118408203,5764064
2015-05-08,135.1999969482422,139.5,134.85000610351562,138.9499969482422,129.56430053710938,4144037
2015-05-11,140.8000030517578,145.10000610351562,140.1999969482422,142.5,132.87452697753906,6190079
2015-05-12,142.39999389648438,142.5,136.1999969482422,137.60000610351562,128.30552673339844,5822453
2015-05-13,134.89999389648438,136.39999389648438,131.75,133.5,124.4824447631836,9200683
2015-05-14,134.10000610351562,138.0,132.5,137.4499969482422,128.16563415527344,3697331
2015-05-15,137.6999969482422,138.75,134.5500030517578,137.0,127.74602508544922,3519076
2015-05-18,138.0,141.85000610351562,137.89999389648438,139.10000610351562,129.70419311523438,5044666
2015-05-19,138.85000610351562,140.5500030517578,136.60000610351562,139.9499969482422,130.49676513671875,4364176
2015-05-20,140.64999389648438,140.64999389648438,138.14999389648438,138.9499969482422,129.56430053710938,3050410
2015-05-21,137.6999969482422,139.89999389648438,136.25,139.10000610351562,129.70419311523438,3942179
2015-05-22,139.0,139.0,136.5,136.89999389648438,127.65276336669922,2577977
2015-05-25,136.75,138.39999389648438,133.89999389648438,134.5,125.41488647460938,2879752
2015-05-26,135.14999389648438,135.64999389648438,133.1999969482422,134.3000030517578,125.22840118408203,2693352
2015-05-27,133.0,134.60000610351562,132.1999969482422,133.5500030517578,124.52908325195312,3168751
2015-05-28,132.60000610351562,134.0,129.8000030517578,131.60000610351562,122.71077728271484,10174628
2015-05-29,130.9499969482422,133.1999969482422,128.5500030517578,129.25,120.5195083618164,11477479
2015-06-01,128.75,129.8000030517578,127.75,128.35000610351562,119.6803207397461,3272418
2015-06-02,128.9499969482422,129.1999969482422,122.9000015258789,123.25,114.92479705810547,4980345
2015-06-03,124.05000305175781,124.9000015258789,120.0,121.94999694824219,113.71261596679688,3508099
2015-06-04,122.30000305175781,123.55000305175781,119.0,121.30000305175781,113.10652160644531,3192106
2015-06-05,120.94999694824219,122.30000305175781,119.1500015258789,120.1500015258789,112.03419494628906,4163808
2015-06-08,120.25,121.1500015258789,117.69999694824219,118.19999694824219,110.21591186523438,4663365
2015-06-09,118.0,121.30000305175781,117.55000305175781,120.0999984741211,111.98757934570312,4663442
2015-06-10,120.5,121.80000305175781,119.6500015258789,120.30000305175781,112.174072265625,3297811
2015-06-11,120.69999694824219,121.5,118.5999984741211,119.19999694824219,111.14836883544922,4749485
2015-06-12,118.75,119.25,116.0999984741211,116.75,108.86385345458984,5422403
2015-06-15,116.19999694824219,117.1500015258789,113.80000305175781,114.30000305175781,106.57935333251953,4287348
2015-06-16,114.6500015258789,115.5,113.5999984741211,115.0,107.23206329345703,5266441
2015-06-17,115.0,119.1500015258789,114.80000305175781,118.55000305175781,110.54228210449219,5112962
2015-06-18,118.5,120.5999984741211,117.6500015258789,120.0,111.89433288574219,4713738
2015-06-19,122.8499984741211,123.4000015258789,120.0,120.80000305175781,112.64028930664062,7892805
2015-06-22,121.0,122.0,119.9000015258789,121.19999694824219,113.01327514648438,2533356
2015-06-23,122.5999984741211,124.44999694824219,121.25,121.5999984741211,113.38624572753906,4076380
2015-06-24,121.94999694824219,122.75,116.5999984741211,117.25,109.3301010131836,3604713
2015-06-25,117.0,118.5,115.6500015258789,118.0,110.0294189453125,5509978
2015-06-26,117.9000015258789,118.3499984741211,115.94999694824219,117.0,109.09696960449219,4253624
2015-06-29,115.0,115.19999694824219,111.0,112.8499984741211,105.22730255126953,6441434
2015-06-30,112.9000015258789,113.5,111.25,111.9000015258789,104.34146118164062,7516460
2015-07-01,112.30000305175781,113.9000015258789,112.1500015258789,113.05000305175781,105.4137954711914,3867419
2015-07-02,113.55000305175781,114.5999984741211,110.69999694824219,111.05000305175781,103.54888153076172,4764056
2015-07-03,111.0,111.44999694824219,109.6500015258789,110.5999984741211,103.12928009033203,4606491
2015-07-06,108.19999694824219,109.5,107.25,109.05000305175781,101.68397521972656,4509017
2015-07-07,108.9000015258789,109.0,106.69999694824219,107.1500015258789,99.91230773925781,5412336
2015-07-08,105.5,105.5,99.05000305175781,101.8499984741211,94.97032165527344,12611248
2015-07-09,102.19999694824219,104.9000015258789,100.69999694824219,104.0,96.97508239746094,6650883
2015-07-10,105.0,105.3499984741211,102.3499984741211,104.5999984741211,97.53455352783203,3399973
2015-07-13,104.19999694824219,106.94999694824219,102.1500015258789,106.6500015258789,99.44609069824219,4140433
2015-07-14,106.5999984741211,106.75,104.30000305175781,104.5999984741211,97.53455352783203,3600749
2015-07-15,104.69999694824219,106.4000015258789,104.69999694824219,105.55000305175781,98.42039489746094,2290566
2015-07-16,105.75,107.05000305175781,104.5999984741211,106.69999694824219,99.49272155761719,2705253
2015-07-17,107.0999984741211,108.25,106.1500015258789,107.19999694824219,99.95893096923828,3325040
2015-07-20,107.5,110.30000305175781,107.0999984741211,109.4000015258789,102.01034545898438,4352389
2015-07-21,109.0999984741211,111.75,106.05000305175781,108.0999984741211,100.79814147949219,6584314
2015-07-22,107.9000015258789,108.9000015258789,105.55000305175781,107.69999694824219,100.42515563964844,3385362
2015-07-23,107.94999694824219,109.30000305175781,106.44999694824219,108.69999694824219,101.35761260986328,2382191
2015-07-24,108.0,110.25,107.75,109.3499984741211,101.96369934082031,3081533
2015-07-27,108.5,108.5,103.94999694824219,104.4000015258789,97.34807586669922,6011766
2015-07-28,103.1500015258789,106.6500015258789,102.25,105.5,98.37376403808594,4192798
2015-07-29,105.80000305175781,108.1500015258789,105.69999694824219,106.55000305175781,99.35285186767578,4721020
2015-07-30,106.8499984741211,107.30000305175781,104.25,104.69999694824219,97.62779998779297,8222321
2015-07-31,105.5,107.30000305175781,104.5,105.19999694824219,98.0940170288086,5201040
2015-08-03,105.25,106.5,104.69999694824219,105.69999694824219,98.56026458740234,2485343
2015-08-04,106.0,110.4000015258789,105.75,109.25,101.87046813964844,4300456
2015-08-05,110.0,111.9000015258789,107.8499984741211,108.25,100.93802642822266,4508245
2015-08-06,108.94999694824219,110.0,107.5,108.69999694824219,101.35761260986328,2977481
2015-08-07,108.1500015258789,112.25,108.0,109.55000305175781,102.15020751953125,3542555
2015-08-10,110.0,111.75,106.75,107.80000305175781,100.5184097290039,3049401
2015-08-11,108.0,108.30000305175781,102.8499984741211,103.25,96.27574157714844,4765889
2015-08-12,102.80000305175781,102.9000015258789,95.55000305175781,95.9000015258789,89.42223358154297,11715218
2015-08-13,97.0,98.0,90.4000015258789,90.80000305175781,84.66670989990234,9789915
2015-08-14,91.0,95.3499984741211,89.5,93.1500015258789,86.85797882080078,11777040
2015-08-17,93.5,93.69999694824219,89.69999694824219,90.6500015258789,84.52684783935547,6356760
2015-08-18,91.5999984741211,92.94999694824219,87.9000015258789,88.9000015258789,82.89506530761719,8355260
2015-08-19,88.9000015258789,88.9000015258789,85.80000305175781,86.1500015258789,80.330810546875,9032174
2015-08-20,86.0,86.25,83.5999984741211,84.94999694824219,79.21184539794922,8280327
2015-08-21,83.0,86.30000305175781,82.05000305175781,86.0,80.19093322753906,11079753
2015-08-24,83.5,83.5,76.0999984741211,78.6500015258789,73.33740997314453,10640052
2015-08-25,81.25,82.25,75.25,80.44999694824219,75.01582336425781,9592625
2015-08-26,80.69999694824219,81.80000305175781,79.0,80.4000015258789,74.96920776367188,7083082
2015-08-27,82.9000015258789,82.9000015258789,79.1500015258789,80.6500015258789,75.20231628417969,10675016
2015-08-28,83.30000305175781,84.69999694824219,80.0999984741211,81.6500015258789,76.13477325439453,11959033
2015-08-31,81.05000305175781,82.69999694824219,79.75,80.05000305175781,74.6428451538086,7893204
2015-09-01,79.44999694824219,79.5999984741211,75.5999984741211,75.94999694824219,70.8198013305664,9754819
2015-09-02,76.0999984741211,76.9000015258789,74.1500015258789,74.3499984741211,69.32787322998047,11987371
2015-09-03,75.19999694824219,78.3499984741211,75.0,77.19999694824219,71.98534393310547,8897644
2015-09-04,76.94999694824219,77.0,73.5,73.9000015258789,68.90826416015625,9254943
2015-09-07,74.1500015258789,74.25,71.4000015258789,71.55000305175781,67.63218688964844,5573543
2015-09-08,72.3499984741211,74.5,71.5999984741211,72.69999694824219,68.71920013427734,8371762
2015-09-09,75.1500015258789,79.19999694824219,74.0,78.5999984741211,74.29615020751953,15543929
2015-09-10,76.5,77.1500015258789,74.44999694824219,76.5,72.3111343383789,9452127
2015-09-11,77.80000305175781,78.0999984741211,75.55000305175781,76.0999984741211,71.93303680419922,6938110
2015-09-14,76.80000305175781,79.1500015258789,75.9000015258789,78.6500015258789,74.3434066772461,6215669
2015-09-15,78.30000305175781,78.6500015258789,75.69999694824219,76.25,72.0748291015625,6194943
2015-09-16,77.5,78.25,75.25,77.25,73.02007293701172,6409074
2015-09-18,77.9000015258789,79.0,75.3499984741211,75.9000015258789,71.74398803710938,10191740
2015-09-21,75.25,78.80000305175781,74.19999694824219,78.0999984741211,73.82353210449219,7954972
2015-09-22,76.94999694824219,77.0,72.75,73.19999694824219,69.19183349609375,10220655
2015-09-23,72.0,74.25,71.30000305175781,72.94999694824219,68.95551300048828,6112851
2015-09-24,73.30000305175781,73.44999694824219,71.19999694824219,71.4000015258789,67.49039459228516,6783348
2015-09-28,71.9000015258789,73.0,70.25,70.55000305175781,66.68694305419922,6132965
2015-09-29,69.5,69.80000305175781,67.5,68.19999694824219,64.46561431884766,9667246
2015-09-30,69.4000015258789,71.5,69.0,70.80000305175781,66.92325592041016,7662075
2015-10-01,71.6500015258789,72.0999984741211,70.25,70.9000015258789,67.01776885986328,4570648
2015-10-05,71.94999694824219,74.4000015258789,71.3499984741211,74.0,69.94802856445312,6499084
2015-10-06,74.8499984741211,75.6500015258789,73.55000305175781,75.0,70.89326477050781,5594644
2015-10-07,75.0,83.4000015258789,74.4000015258789,81.9000015258789,77.41545104980469,20395886
2015-10-08,82.0,84.30000305175781,80.4000015258789,82.3499984741211,77.84080505371094,16159275
2015-10-09,83.0999984741211,85.5,82.80000305175781,83.94999694824219,79.35320281982422,13467309
2015-10-12,84.69999694824219,92.4000015258789,84.55000305175781,88.6500015258789,83.79585266113281,26948602
2015-10-13,81.0,86.69999694824219,81.0,86.1500015258789,81.43273162841797,18613124
2015-10-14,85.4000015258789,90.75,85.25,88.5999984741211,83.74858093261719,14422511
2015-10-15,89.30000305175781,91.5,86.30000305175781,87.80000305175781,82.99240112304688,16205040
2015-10-16,89.25,89.4000015258789,86.05000305175781,87.75,82.94512176513672,9119969
2015-10-19,88.0,88.5,86.5,86.75,81.9998779296875,4943125
2015-10-20,86.69999694824219,86.69999694824219,84.05000305175781,84.44999694824219,79.82582092285156,8452425
2015-10-21,84.44999694824219,86.5999984741211,84.0999984741211,85.55000305175781,80.86558532714844,7239578
2015-10-23,87.19999694824219,87.4000015258789,84.6500015258789,85.0999984741211,80.44023895263672,7207731
2015-10-26,86.30000305175781,86.9000015258789,84.8499984741211,85.4000015258789,80.72380828857422,5855329
2015-10-27,85.0,86.0999984741211,83.19999694824219,84.4000015258789,79.778564453125,9200960
2015-10-28,84.0,85.19999694824219,84.0,84.5,79.87307739257812,5213212
2015-10-29,84.75,85.0,83.0,83.25,78.6915283203125,6610339
2015-10-30,83.5,86.9000015258789,83.05000305175781,84.05000305175781,79.44772338867188,10426450
2015-11-02,83.9000015258789,84.25,80.0999984741211,80.94999694824219,76.51746368408203,6934948
2015-11-03,81.8499984741211,84.4000015258789,81.69999694824219,82.3499984741211,77.84080505371094,10902466
2015-11-04,83.5,83.9000015258789,81.5,81.8499984741211,77.3681869506836,6302042
2015-11-05,81.75,82.4000015258789,80.80000305175781,81.05000305175781,76.61200714111328,4001045
2015-11-06,81.0999984741211,82.25,80.0,80.9000015258789,76.47021484375,6199574
2015-11-09,78.0,80.75,78.0,79.94999694824219,75.57222747802734,6902286
2015-11-10,78.1500015258789,82.80000305175781,77.0999984741211,79.25,74.91056823730469,18103849
2015-11-13,79.0,80.25,77.1500015258789,77.4000015258789,73.161865234375,11899968
2015-11-16,76.94999694824219,79.5,76.4000015258789,79.05000305175781,74.72151184082031,11401155
2015-11-17,79.80000305175781,82.44999694824219,79.25,80.8499984741211,76.4229507446289,11768848
2015-11-18,80.8499984741211,81.30000305175781,76.30000305175781,76.55000305175781,72.35840606689453,13878123
2015-11-19,77.80000305175781,78.9000015258789,75.4000015258789,78.4000015258789,74.10710906982422,13759182
2015-11-20,78.3499984741211,79.4000015258789,76.8499984741211,77.19999694824219,72.97281646728516,14167159
2015-11-23,77.05000305175781,77.30000305175781,73.80000305175781,74.25,70.18434143066406,11048526
2015-11-24,73.5999984741211,74.55000305175781,73.19999694824219,73.5999984741211,69.56993865966797,9426757
2015-11-26,74.0,75.5,73.8499984741211,75.0999984741211,70.98777770996094,7517900
2015-11-27,75.30000305175781,79.0999984741211,75.19999694824219,77.6500015258789,73.3981704711914,12432617
2015-11-30,77.4000015258789,77.9000015258789,76.5999984741211,77.05000305175781,72.83101654052734,10087833
2015-12-01,77.5999984741211,79.80000305175781,77.5,79.55000305175781,75.19412994384766,8171916
2015-12-02,80.0,81.19999694824219,79.9000015258789,80.44999694824219,76.04484558105469,8880279
2015-12-03,79.55000305175781,81.6500015258789,78.5999984741211,79.19999694824219,74.86328887939453,11515236
2015-12-04,78.8499984741211,80.0999984741211,78.19999694824219,79.05000305175781,74.72151184082031,6152914
2015-12-07,79.80000305175781,80.5999984741211,78.9000015258789,79.25,74.91056823730469,6293540
2015-12-08,78.5,78.75,75.69999694824219,76.0,71.83851623535156,7459812
2015-12-09,75.5,75.6500015258789,73.0,73.75,69.71171569824219,7645728
2015-12-10,74.69999694824219,76.1500015258789,74.5,75.69999694824219,71.55493927001953,7082364
2015-12-11,76.0,77.19999694824219,74.69999694824219,76.25,72.0748291015625,9056848
2015-12-14,76.0,79.25,75.75,78.80000305175781,74.48519134521484,10437559
2015-12-15,79.0999984741211,79.30000305175781,77.25,79.0,74.67426300048828,5371495
2015-12-16,79.3499984741211,80.19999694824219,78.3499984741211,78.55000305175781,74.24889373779297,5407666
2015-12-17,78.8499984741211,81.6500015258789,78.6500015258789,81.30000305175781,76.84832000732422,12765646
2015-12-18,81.19999694824219,82.0,79.5999984741211,79.9000015258789,75.52495574951172,9069541
2015-12-21,80.19999694824219,81.80000305175781,80.19999694824219,81.30000305175781,76.84832000732422,7868108
2015-12-22,81.1500015258789,81.75,79.19999694824219,79.5999984741211,75.24138641357422,5451649
2015-12-23,80.5999984741211,84.19999694824219,80.19999694824219,83.9000015258789,79.30593872070312,12159348
2015-12-24,84.55000305175781,85.6500015258789,83.75,85.25,80.58201599121094,11012588
2015-12-28,85.69999694824219,86.0,84.30000305175781,84.94999694824219,80.29844665527344,6753979
2015-12-29,85.25,85.5,84.1500015258789,84.4000015258789,79.778564453125,5043169
2015-12-30,84.69999694824219,85.69999694824219,84.0999984741211,84.69999694824219,80.0621337890625,6327517
2015-12-31,85.0,85.5,83.19999694824219,84.75,80.1093978881836,8803069
2016-01-01,84.69999694824219,85.25,84.0,84.9000015258789,80.25118255615234,2806421
2016-01-04,84.19999694824219,85.9000015258789,80.4000015258789,80.75,76.32842254638672,8706224
2016-01-05,82.0,83.94999694824219,80.5999984741211,82.5999984741211,78.07711791992188,9819068
2016-01-06,82.4000015258789,82.8499984741211,79.69999694824219,80.55000305175781,76.1393814086914,6494446
2016-01-07,79.0,79.4000015258789,76.0999984741211,76.6500015258789,72.45293426513672,8098318
2016-01-08,77.44999694824219,78.1500015258789,75.19999694824219,76.9000015258789,72.6892318725586,6800939
2016-01-11,75.80000305175781,78.6500015258789,74.30000305175781,77.9000015258789,73.63449096679688,9706674
2016-01-12,78.4000015258789,78.6500015258789,75.0,75.5999984741211,71.4604263305664,6696133
2016-01-13,76.4000015258789,77.5,74.30000305175781,76.69999694824219,72.50018310546875,8275596
2016-01-14,75.0,76.0,73.4000015258789,74.69999694824219,70.60970306396484,7864816
2016-01-15,75.3499984741211,75.4000015258789,71.1500015258789,71.80000305175781,67.86849212646484,5206900
2016-01-18,71.05000305175781,73.5,70.05000305175781,71.19999694824219,67.30134582519531,6814262
2016-01-19,72.0999984741211,73.9000015258789,71.0999984741211,71.8499984741211,67.9157485961914,4396738
2016-01-20,71.0,71.05000305175781,66.3499984741211,67.5999984741211,63.898475646972656,8312143
2016-01-21,69.0,69.3499984741211,66.80000305175781,68.30000305175781,64.56013488769531,5883512
2016-01-22,69.5999984741211,72.9000015258789,69.0999984741211,72.3499984741211,68.38838195800781,6988053
2016-01-25,72.9000015258789,73.44999694824219,71.80000305175781,72.0,68.05754852294922,3930042
2016-01-27,72.5,72.8499984741211,70.80000305175781,71.05000305175781,67.15955352783203,5960177
2016-01-28,71.05000305175781,71.4000015258789,69.25,69.69999694824219,65.88346862792969,12038432
2016-01-29,70.0,71.1500015258789,68.75,70.5,66.63967895507812,9203028
2016-02-01,70.8499984741211,71.55000305175781,70.19999694824219,71.0999984741211,67.20682525634766,5582032
2016-02-02,71.75,71.80000305175781,68.19999694824219,68.55000305175781,64.79644775390625,6192773
2016-02-03,68.0,68.0,66.30000305175781,66.6500015258789,63.000492095947266,6780055
2016-02-04,67.80000305175781,70.44999694824219,67.19999694824219,68.69999694824219,64.938232421875,12083591
2016-02-05,69.30000305175781,72.19999694824219,68.80000305175781,71.25,67.3486099243164,15932693
2016-02-08,72.0,72.0,69.44999694824219,69.80000305175781,65.9780044555664,10400835
2016-02-09,68.5,70.80000305175781,67.5999984741211,70.0,66.16706085205078,16969989
2016-02-10,70.19999694824219,70.5,65.0,66.9000015258789,63.2368049621582,16937036
2016-02-11,67.5,67.75,62.95000076293945,63.70000076293945,60.21201705932617,7915911
2016-02-12,64.80000305175781,64.8499984741211,58.79999923706055,60.900001525878906,57.565338134765625,11171816
2016-02-15,62.45000076293945,68.44999694824219,62.29999923706055,67.0,63.33131408691406,17333390
2016-02-16,68.5,68.5,64.55000305175781,64.8499984741211,61.29904556274414,9530757
2016-02-17,65.19999694824219,66.30000305175781,61.599998474121094,65.80000305175781,62.1970329284668,12113622
2016-02-18,67.6500015258789,70.0999984741211,67.19999694824219,68.9000015258789,65.12728118896484,14663310
2016-02-19,68.30000305175781,70.0,67.44999694824219,69.05000305175781,65.26907348632812,6048480
2016-02-22,69.1500015258789,70.5999984741211,68.80000305175781,69.5,65.6944351196289,5132711
2016-02-23,69.9000015258789,71.8499984741211,67.80000305175781,68.5,64.74919891357422,10366393
2016-02-24,67.5999984741211,68.44999694824219,66.0,66.4000015258789,62.7641716003418,6136935
2016-02-25,67.3499984741211,68.0,66.44999694824219,67.1500015258789,63.473121643066406,6197874
2016-02-26,68.19999694824219,69.94999694824219,66.19999694824219,69.44999694824219,65.64717102050781,9806363
2016-02-29,70.1500015258789,70.80000305175781,66.69999694824219,68.75,64.9854965209961,15550728
2016-03-01,69.0,70.5,68.5999984741211,70.25,66.40335845947266,8273262
2016-03-02,71.9000015258789,77.0,71.30000305175781,74.94999694824219,70.84600830078125,21643529
2016-03-03,76.5,79.80000305175781,75.5,79.25,74.91056823730469,22949555
2016-03-04,79.8499984741211,81.9000015258789,77.5999984741211,79.4000015258789,75.05233764648438,15840406
2016-03-08,80.30000305175781,84.19999694824219,80.05000305175781,83.1500015258789,78.59700012207031,19055239
2016-03-09,80.4000015258789,81.4000015258789,79.05000305175781,81.0999984741211,76.65925598144531,11565488
2016-03-10,81.9000015258789,85.55000305175781,81.55000305175781,83.80000305175781,79.21141815185547,18838685
2016-03-11,83.9000015258789,84.75,81.5999984741211,83.5,78.92784118652344,10301155
2016-03-14,84.5,86.0,84.19999694824219,84.9000015258789,80.25118255615234,6642436
2016-03-15,85.0,86.0,83.5999984741211,83.9000015258789,79.30593872070312,11700066
2016-03-16,84.0,84.25,79.3499984741211,81.5,77.037353515625,13890592
2016-03-17,82.5,83.80000305175781,80.69999694824219,81.0,76.56474304199219,8476015
2016-03-18,82.4000015258789,85.5,82.0,85.19999694824219,80.53475952148438,14366152
2016-03-21,85.69999694824219,87.0,84.30000305175781,86.0,81.29095458984375,12324190
2016-03-22,85.9000015258789,88.0,84.8499984741211,87.0,82.2362060546875,12800780
2016-03-23,88.0,91.69999694824219,87.9000015258789,91.30000305175781,86.30074310302734,22685606
2016-03-28,92.5,92.5,82.55000305175781,83.25,78.6915283203125,20101957
2016-03-29,83.9000015258789,86.1500015258789,83.5,84.4000015258789,79.778564453125,14305542
2016-03-30,85.5,89.30000305175781,85.25,88.0,83.18143463134766,15758559
2016-03-31,87.8499984741211,89.0,86.5,87.94999694824219,83.13417053222656,16963906
2016-04-01,87.5,87.6500015258789,86.05000305175781,86.6500015258789,81.90535736083984,8139439
2016-04-04,87.44999694824219,90.6500015258789,86.5,89.0999984741211,84.22119903564453,14431538
2016-04-05,88.19999694824219,89.4000015258789,84.3499984741211,84.9000015258789,80.25118255615234,11541211
2016-04-06,85.75,89.69999694824219,85.5,88.94999694824219,84.07942199707031,14585715
2016-04-07,89.0,89.4000015258789,86.75,87.30000305175781,82.51976776123047,6979457
2016-04-08,87.25,89.5,86.0,87.69999694824219,82.89785766601562,10212068
2016-04-11,88.1500015258789,93.19999694824219,87.8499984741211,92.19999694824219,87.15145111083984,15187158
2016-04-12,91.3499984741211,93.1500015258789,90.19999694824219,92.0,86.96240997314453,12789430
2016-04-13,93.05000305175781,97.69999694824219,93.05000305175781,96.30000305175781,91.0269546508789,18201767
2016-04-18,96.80000305175781,97.5999984741211,94.5,97.05000305175781,91.73590087890625,11527074
2016-04-20,99.44999694824219,102.4000015258789,98.25,101.80000305175781,96.2258071899414,24020057
2016-04-21,102.4000015258789,104.25,100.6500015258789,101.80000305175781,96.2258071899414,18328986
2016-04-22,101.5,102.75,100.5999984741211,101.0999984741211,95.56413269042969,10577244
2016-04-25,101.1500015258789,101.3499984741211,96.55000305175781,98.4000015258789,93.01197814941406,9752785
2016-04-26,99.05000305175781,103.44999694824219,98.9000015258789,103.1500015258789,97.50188446044922,17484714
2016-04-27,103.25,104.4000015258789,101.0999984741211,101.75,96.17853546142578,8607518
2016-04-28,101.80000305175781,102.44999694824219,96.5,96.9000015258789,91.59410858154297,19093454
2016-04-29,97.4000015258789,99.0,93.4000015258789,96.3499984741211,91.07422637939453,23929755
2016-05-02,96.4000015258789,100.6500015258789,94.5999984741211,98.6500015258789,93.248291015625,18962903
2016-05-03,99.5,100.5999984741211,96.55000305175781,96.9000015258789,91.59410858154297,13225593
2016-05-04,95.5,95.80000305175781,90.6500015258789,91.1500015258789,86.1589584350586,14740553
2016-05-05,91.5,93.19999694824219,88.9000015258789,90.44999694824219,85.49727630615234,15926658
2016-05-06,90.5,92.30000305175781,89.19999694824219,91.9000015258789,86.86790466308594,13758624
2016-05-09,93.0,93.9000015258789,91.0,91.69999694824219,86.6788330078125,11577265
2016-05-10,91.05000305175781,91.05000305175781,89.19999694824219,89.8499984741211,84.93013763427734,12264885
2016-05-11,89.5,92.80000305175781,88.80000305175781,91.5999984741211,86.58432006835938,14204732
2016-05-12,92.30000305175781,93.75,92.0,93.4000015258789,88.28575134277344,9628472
2016-05-13,93.4000015258789,93.4000015258789,88.8499984741211,89.30000305175781,84.4102554321289,12852619
2016-05-16,89.75,90.55000305175781,88.0999984741211,89.80000305175781,84.88288116455078,8759799
2016-05-17,90.55000305175781,91.19999694824219,88.9000015258789,89.0999984741211,84.22119903564453,7734643
2016-05-18,88.19999694824219,89.5999984741211,87.25,89.1500015258789,84.26847839355469,8076399
2016-05-19,89.05000305175781,90.9000015258789,86.30000305175781,87.05000305175781,82.28346252441406,10822516
2016-05-20,87.5999984741211,88.55000305175781,86.44999694824219,86.94999694824219,82.18892669677734,10826038
2016-05-23,87.94999694824219,88.44999694824219,86.30000305175781,86.9000015258789,82.14167785644531,6339823
2016-05-24,87.0999984741211,87.44999694824219,83.5,86.30000305175781,81.57453918457031,8892273
2016-05-25,89.0,89.25,87.55000305175781,88.75,83.890380859375,8223849
2016-05-26,88.9000015258789,90.69999694824219,87.6500015258789,90.30000305175781,85.35550689697266,12228049
2016-05-27,91.0,92.69999694824219,90.8499984741211,91.9000015258789,86.86790466308594,11544310
2016-05-30,100.0,103.5,98.1500015258789,102.94999694824219,97.31282806396484,43496929
2016-05-31,103.0999984741211,107.6500015258789,102.5,105.25,99.48689270019531,36580800
2016-06-01,105.3499984741211,105.75,102.5999984741211,103.0999984741211,97.45460510253906,12374620
2016-06-02,102.75,106.3499984741211,102.19999694824219,106.05000305175781,100.24308013916016,12148730
2016-06-03,106.69999694824219,106.9000015258789,104.0999984741211,105.55000305175781,99.77046966552734,9025991
2016-06-06,105.05000305175781,108.0,104.55000305175781,106.8499984741211,100.99928283691406,13723112
2016-06-07,107.25,110.25,107.0,109.5,103.50416564941406,14522201
2016-06-08,109.75,110.44999694824219,108.0,109.3499984741211,103.36238098144531,10622548
2016-06-09,109.0,112.5999984741211,108.94999694824219,110.9000015258789,104.8275146484375,16009358
2016-06-10,110.44999694824219,115.9000015258789,110.44999694824219,115.30000305175781,108.9865951538086,26738862
2016-06-13,113.5,115.5,111.3499984741211,114.69999694824219,108.41944122314453,15420130
2016-06-14,114.94999694824219,115.8499984741211,114.0999984741211,115.5999984741211,109.2701644897461,10883646
2016-06-15,116.25,116.69999694824219,114.19999694824219,115.75,109.41195678710938,10291525
2016-06-16,115.3499984741211,119.44999694824219,114.3499984741211,119.05000305175781,112.53126525878906,19649978
2016-06-17,120.0999984741211,120.25,117.94999694824219,118.80000305175781,112.29493713378906,9115066
2016-06-20,117.44999694824219,121.3499984741211,117.30000305175781,121.05000305175781,114.42173767089844,7879482
2016-06-21,122.25,124.6500015258789,121.5999984741211,123.5,116.73758697509766,15274422
2016-06-22,123.94999694824219,123.94999694824219,120.0999984741211,122.19999694824219,115.5087661743164,10065713
2016-06-23,122.0999984741211,124.5,121.6500015258789,123.9000015258789,117.11569213867188,8243327
2016-06-24,118.3499984741211,119.5999984741211,112.0,117.30000305175781,110.87708282470703,22745648
2016-06-27,115.94999694824219,120.80000305175781,115.9000015258789,119.80000305175781,113.24018859863281,13603388
2016-06-28,119.9000015258789,121.05000305175781,117.75,118.05000305175781,111.58602142333984,11037595
2016-06-29,119.0,121.30000305175781,118.5999984741211,119.94999694824219,113.38196563720703,9327343
2016-06-30,122.4000015258789,123.44999694824219,121.25,122.8499984741211,116.12318420410156,15709303
2016-07-01,124.0,125.5,123.1500015258789,124.75,117.91914367675781,8905862
2016-07-04,126.0999984741211,126.75,125.5,125.94999694824219,119.05343627929688,5715305
2016-07-05,126.0,127.4000015258789,123.30000305175781,123.6500015258789,116.87938690185547,9848628
2016-07-07,125.0,128.6999969482422,124.5999984741211,127.69999694824219,120.70761108398438,15661285
2016-07-08,128.6999969482422,128.6999969482422,125.5,126.8499984741211,119.90415954589844,8327269
2016-07-11,128.3000030517578,129.75,128.0500030517578,129.0500030517578,121.98368835449219,7534954
2016-07-12,130.35000610351562,136.1999969482422,130.0,135.25,127.84418487548828,26490373
2016-07-13,136.0,139.89999389648438,134.6999969482422,135.8000030517578,128.3640899658203,20241097
2016-07-14,136.0,137.35000610351562,133.75,135.8000030517578,128.3640899658203,11703265
2016-07-15,136.89999389648438,138.0,135.5500030517578,137.39999389648438,129.87646484375,10639879
2016-07-18,137.89999389648438,141.4499969482422,136.14999389648438,137.25,129.73468017578125,13729613
2016-07-19,136.89999389648438,139.5,136.60000610351562,138.0,130.44361877441406,10933178
2016-07-20,138.85000610351562,139.3000030517578,134.3000030517578,135.89999389648438,128.4586181640625,11898110
2016-07-21,137.14999389648438,137.5,133.5,133.89999389648438,126.56809997558594,11200454
2016-07-22,133.1999969482422,137.0,130.35000610351562,136.0,128.55311584472656,15030516
2016-07-25,136.5,136.89999389648438,133.89999389648438,135.1999969482422,127.79695129394531,6407189
2016-07-26,135.1999969482422,136.8000030517578,131.0,131.64999389648438,124.44131469726562,12881150
2016-07-27,132.64999389648438,134.60000610351562,131.1999969482422,133.8000030517578,126.4736099243164,9550329
2016-07-28,134.0,135.60000610351562,132.10000610351562,134.25,126.8989486694336,10626361
2016-07-29,134.9499969482422,135.64999389648438,132.14999389648438,133.5500030517578,126.23727416992188,7051660
2016-08-01,134.5,138.8000030517578,134.10000610351562,136.60000610351562,129.12026977539062,12647887
2016-08-02,137.39999389648438,138.25,134.60000610351562,135.5,128.08050537109375,9026140
2016-08-03,135.39999389648438,137.25,133.60000610351562,135.6999969482422,128.26956176757812,9958140
2016-08-04,136.5,137.9499969482422,135.39999389648438,137.10000610351562,129.5928955078125,6943209
2016-08-05,139.0,144.25,138.5,143.6999969482422,135.8314971923828,13302798
2016-08-08,146.25,152.14999389648438,146.0,149.14999389648438,140.9830780029297,20168915
2016-08-09,150.1999969482422,150.25,145.39999389648438,146.60000610351562,138.57272338867188,9816523
2016-08-10,147.0,149.14999389648438,144.5500030517578,145.8000030517578,137.8165283203125,9266876
2016-08-11,145.60000610351562,146.0,138.5,142.25,134.46090698242188,9200944
2016-08-12,143.0,149.25,143.0,146.35000610351562,138.33642578125,22086647
2016-08-16,147.6999969482422,155.5500030517578,146.60000610351562,154.64999389648438,146.1819305419922,17292821
2016-08-17,154.35000610351562,156.8000030517578,153.9499969482422,155.9499969482422,147.41075134277344,13401034
2016-08-18,156.5,157.14999389648438,154.0,154.35000610351562,145.8983612060547,7030499
2016-08-19,156.8000030517578,159.4499969482422,156.25,158.9499969482422,150.24647521972656,13625085
2016-08-22,158.0,158.0,155.3000030517578,156.0500030517578,147.50526428222656,6708408
2016-08-23,155.5,156.9499969482422,153.8000030517578,155.5500030517578,147.03265380859375,6120185
2016-08-24,156.3000030517578,157.60000610351562,155.39999389648438,157.0,148.40325927734375,7012966
2016-08-25,156.9499969482422,157.8000030517578,153.5,154.25,145.80381774902344,7136191
2016-08-26,155.4499969482422,156.9499969482422,154.3000030517578,155.5,146.98536682128906,7924816
2016-08-29,155.0,159.5,154.5,158.3000030517578,149.63206481933594,7488966
2016-08-30,159.89999389648438,163.5,159.0500030517578,162.75,153.83837890625,7930389
2016-08-31,163.0,164.6999969482422,158.25,159.25,150.53005981445312,15209502
2016-09-01,159.0,160.64999389648438,156.60000610351562,157.5,148.87588500976562,6261144
2016-09-02,158.3000030517578,158.89999389648438,154.5,157.25,148.63955688476562,6820117
2016-09-06,157.5500030517578,159.89999389648438,157.0,158.5,150.7799835205078,5189625
2016-09-07,158.5500030517578,161.8000030517578,158.0500030517578,159.6999969482422,151.92152404785156,7925196
2016-09-08,160.89999389648438,163.4499969482422,160.0,161.9499969482422,154.06192016601562,9379095
2016-09-09,162.85000610351562,162.85000610351562,154.0,154.85000610351562,147.30775451660156,9427758
2016-09-12,149.0,150.60000610351562,139.89999389648438,140.85000610351562,133.98963928222656,16165924
2016-09-14,140.25,143.6999969482422,138.5500030517578,143.25,136.27276611328125,13195609
2016-09-15,144.9499969482422,146.25,141.14999389648438,145.5500030517578,138.46072387695312,10494591
2016-09-16,146.8000030517578,147.89999389648438,142.0,142.64999389648438,135.70193481445312,10327538
2016-09-19,143.10000610351562,144.60000610351562,141.6999969482422,143.9499969482422,136.9386444091797,4969953
2016-09-20,143.0,146.35000610351562,142.60000610351562,145.60000610351562,138.50830078125,7633586
2016-09-21,145.5500030517578,151.35000610351562,144.10000610351562,149.5500030517578,142.26589965820312,14671999
2016-09-22,153.39999389648438,156.1999969482422,152.25,154.60000610351562,147.0699462890625,16321716
2016-09-23,154.60000610351562,156.85000610351562,153.0500030517578,154.4499969482422,146.92723083496094,10730581
2016-09-26,154.0,155.3000030517578,152.3000030517578,153.60000610351562,146.11863708496094,7234470
2016-09-27,154.35000610351562,155.3000030517578,149.5500030517578,150.0500030517578,142.74154663085938,8046035
2016-09-28,150.1999969482422,158.1999969482422,148.5,156.89999389648438,149.2578887939453,12785618
2016-09-29,157.4499969482422,157.85000610351562,147.8000030517578,150.0,142.69398498535156,14157620
2016-09-30,147.0,154.35000610351562,146.8000030517578,152.6999969482422,145.26246643066406,9167292
2016-10-03,154.5,155.1999969482422,152.60000610351562,154.10000610351562,146.59426879882812,9299252
2016-10-04,154.9499969482422,157.5,152.35000610351562,154.25,146.7369842529297,13696719
2016-10-05,156.5,159.3000030517578,155.75,157.25,149.59085083007812,10169595
2016-10-06,158.0,161.6999969482422,156.10000610351562,158.35000610351562,150.63726806640625,13604084
2016-10-07,158.9499969482422,160.39999389648438,156.64999389648438,158.0,150.30433654785156,7263839
2016-10-10,158.85000610351562,162.8000030517578,158.8000030517578,160.75,152.92037963867188,8157913
2016-10-13,157.89999389648438,159.25,152.10000610351562,155.14999389648438,147.59310913085938,8680827
2016-10-14,155.75,156.35000610351562,153.1999969482422,154.60000610351562,147.0699462890625,5656494
2016-10-17,154.1999969482422,155.60000610351562,150.0,150.64999389648438,143.3123016357422,7752014
2016-10-18,152.0,153.35000610351562,149.3000030517578,152.35000610351562,144.92955017089844,10851523
2016-10-19,153.39999389648438,153.9499969482422,150.0,151.0,143.645263671875,8197044
2016-10-20,151.8000030517578,156.25,151.64999389648438,155.25,147.68824768066406,8035617
2016-10-21,155.39999389648438,155.39999389648438,150.85000610351562,151.85000610351562,144.453857421875,5801324
2016-10-24,152.14999389648438,153.14999389648438,150.39999389648438,150.85000610351562,143.50257873535156,5649471
2016-10-25,151.1999969482422,152.5,147.64999389648438,150.5,143.1696319580078,8898884
2016-10-26,149.89999389648438,152.25,148.60000610351562,150.1999969482422,142.8842315673828,6191861
2016-10-27,150.1999969482422,150.85000610351562,147.39999389648438,148.3000030517578,141.07679748535156,8386282
2016-10-28,148.5,150.39999389648438,148.0,149.64999389648438,142.3610382080078,4501956
2016-11-01,150.5,159.5,149.6999969482422,156.9499969482422,149.30548095703125,17722418
2016-11-02,154.8000030517578,158.1999969482422,153.14999389648438,156.5,148.8773956298828,11309743
2016-11-03,156.9499969482422,166.39999389648438,156.75,162.8000030517578,154.8705291748047,26147206
2016-11-04,164.0,164.9499969482422,154.75,158.85000610351562,151.11293029785156,14042173
2016-11-07,162.75,168.75,161.39999389648438,167.60000610351562,159.4367218017578,13926778
2016-11-08,170.0,172.39999389648438,165.85000610351562,167.39999389648438,159.2464599609375,23431723
2016-11-09,150.6999969482422,163.64999389648438,150.6999969482422,162.10000610351562,154.20460510253906,11328441
2016-11-10,168.5,177.35000610351562,167.0,175.75,167.1897430419922,16275443
2016-11-11,174.10000610351562,178.10000610351562,171.0500030517578,172.3000030517578,163.9077911376953,13455096
2016-11-15,175.6999969482422,180.64999389648438,166.5,167.75,159.5794219970703,30748024
2016-11-16,171.8000030517578,172.6999969482422,161.1999969482422,162.8000030517578,154.8705291748047,11909724
2016-11-17,164.0,169.8000030517578,162.0,168.3000030517578,160.10264587402344,10560503
2016-11-18,169.0,169.3000030517578,163.60000610351562,165.35000610351562,157.29632568359375,8775559
2016-11-21,166.5,170.8000030517578,156.10000610351562,157.35000610351562,149.68600463867188,16027161
2016-11-22,158.85000610351562,167.3000030517578,158.64999389648438,166.5500030517578,158.4378662109375,15431966
2016-11-23,168.9499969482422,174.3000030517578,168.0,173.6999969482422,165.23963928222656,15975588
2016-11-24,173.5,181.14999389648438,172.14999389648438,180.4499969482422,171.6608428955078,24353559
2016-11-25,182.89999389648438,184.8000030517578,178.85000610351562,180.5,171.7084197998047,17338861
2016-11-28,180.3000030517578,182.35000610351562,177.6999969482422,178.64999389648438,169.94851684570312,12519439
2016-11-29,179.6999969482422,180.85000610351562,174.8000030517578,175.39999389648438,166.8568115234375,9819481
2016-11-30,175.0,178.6999969482422,172.8000030517578,175.75,167.1897430419922,15095725
2016-12-01,176.8000030517578,177.5,169.6999969482422,171.35000610351562,163.00408935546875,7638033
2016-12-02,170.9499969482422,174.14999389648438,167.5,168.75,160.5307159423828,11034636
2016-12-05,168.5,175.39999389648438,167.8000030517578,174.5,166.00067138671875,9144499
2016-12-06,176.9499969482422,177.85000610351562,174.1999969482422,175.39999389648438,166.8568115234375,8668165
2016-12-07,176.5,176.8000030517578,172.4499969482422,175.0500030517578,166.52386474609375,6213861
2016-12-08,177.4499969482422,181.39999389648438,176.3000030517578,179.1999969482422,170.47177124023438,9432763
2016-12-09,180.4499969482422,183.4499969482422,179.0500030517578,182.10000610351562,173.23046875,9543322
2016-12-12,180.8000030517578,183.1999969482422,179.25,181.9499969482422,173.08779907226562,8051004
2016-12-13,181.5500030517578,182.64999389648438,175.25,176.9499969482422,168.3313446044922,9690930
2016-12-14,177.25,178.1999969482422,174.85000610351562,176.0,167.4276123046875,6198952
2016-12-15,173.39999389648438,177.39999389648438,173.1999969482422,176.10000610351562,167.5227508544922,6165323
2016-12-16,176.89999389648438,176.89999389648438,169.10000610351562,170.1999969482422,161.9100799560547,9584392
2016-12-19,169.39999389648438,171.75,168.10000610351562,169.14999389648438,160.91123962402344,5526669
2016-12-20,169.6999969482422,169.75,165.35000610351562,167.14999389648438,159.00865173339844,5435726
2016-12-21,168.0,171.0,166.5500030517578,168.8000030517578,160.5782928466797,6539566
2016-12-22,168.6999969482422,168.6999969482422,160.25,161.25,153.39602661132812,9593033
2016-12-23,161.0,162.10000610351562,158.85000610351562,159.3000030517578,151.541015625,9804162
2016-12-26,157.5,157.5,149.6999969482422,151.5,144.12091064453125,10229442
2016-12-27,150.3000030517578,156.60000610351562,147.85000610351562,155.5500030517578,147.97364807128906,10782163
2016-12-28,156.5,158.25,152.60000610351562,153.60000610351562,146.11863708496094,9007119
2016-12-29,153.10000610351562,155.5500030517578,152.3000030517578,154.75,147.21263122558594,7714023
2016-12-30,155.0,156.1999969482422,153.25,155.0500030517578,147.4980010986328,8199773
2017-01-02,155.85000610351562,159.75,154.1999969482422,158.85000610351562,151.11293029785156,9537127
2017-01-03,159.85000610351562,161.0,157.0500030517578,158.85000610351562,151.11293029785156,6841113
2017-01-04,158.89999389648438,161.60000610351562,157.4499969482422,158.89999389648438,151.16046142578125,7732019
2017-01-05,160.0,162.64999389648438,159.89999389648438,162.0,154.1094970703125,9921362
2017-01-06,162.4499969482422,163.8000030517578,160.10000610351562,160.75,152.92037963867188,6830935
2017-01-09,161.60000610351562,162.1999969482422,157.64999389648438,158.0,150.30433654785156,6143220
2017-01-10,159.14999389648438,165.39999389648438,158.0,164.39999389648438,156.392578125,15806841
2017-01-11,167.10000610351562,175.64999389648438,166.4499969482422,174.9499969482422,166.4287567138672,24145144
2017-01-12,175.60000610351562,178.60000610351562,172.39999389648438,177.0,168.37889099121094,14225168
2017-01-13,178.8000030517578,178.8000030517578,170.85000610351562,172.25,163.86026000976562,17430533
2017-01-16,172.0,174.35000610351562,169.89999389648438,172.60000610351562,164.19322204589844,9673403
2017-01-17,173.60000610351562,174.8000030517578,169.3000030517578,171.0500030517578,162.71868896484375,7373767
2017-01-18,171.8000030517578,177.35000610351562,171.60000610351562,177.0,168.37889099121094,13047979
2017-01-19,176.3000030517578,177.25,173.5,176.10000610351562,167.5227508544922,8384318
2017-01-20,175.60000610351562,178.35000610351562,169.5,171.64999389648438,163.2894744873047,12034397
2017-01-23,173.0,182.39999389648438,172.25,181.6999969482422,172.84996032714844,18223180
2017-01-24,182.60000610351562,187.85000610351562,181.0500030517578,187.14999389648438,178.03451538085938,17125785
2017-01-25,187.39999389648438,191.64999389648438,187.14999389648438,190.75,181.4591827392578,21241955
2017-01-27,190.5,195.0,188.0500030517578,190.75,181.4591827392578,19584307
2017-01-30,190.0500030517578,195.3000030517578,186.9499969482422,191.5,182.17263793945312,12048505
2017-01-31,191.9499969482422,193.1999969482422,189.1999969482422,189.9499969482422,180.69813537597656,9510113
2017-02-01,190.89999389648438,200.0,186.5500030517578,198.85000610351562,189.1646270751953,12602860
2017-02-02,198.5,198.5,191.5,193.3000030517578,183.88497924804688,12723782
2017-02-03,194.0,195.39999389648438,188.25,191.75,182.41046142578125,11316589
2017-02-06,192.5,195.5,189.3000030517578,190.10000610351562,180.8408203125,7376710
2017-02-07,190.6999969482422,192.9499969482422,184.0500030517578,185.89999389648438,176.84539794921875,10634847
2017-02-08,187.5,192.25,186.3000030517578,189.0,179.79440307617188,10372799
2017-02-09,189.9499969482422,190.25,181.9499969482422,183.6999969482422,174.7525634765625,13995996
2017-02-10,185.60000610351562,185.6999969482422,180.8000030517578,182.0500030517578,173.18292236328125,11598507
2017-02-13,184.5,187.89999389648438,181.60000610351562,185.0,175.98924255371094,17458689
2017-02-14,187.0,188.0,184.1999969482422,187.25,178.12965393066406,11938838
2017-02-15,187.10000610351562,189.9499969482422,182.0500030517578,184.4499969482422,175.46600341796875,11976086
2017-02-16,184.0,188.8000030517578,182.25,187.75,178.6053009033203,10429023
2017-02-17,187.9499969482422,189.3000030517578,183.0,183.64999389648438,174.7049560546875,9231407
2017-02-20,184.0,185.89999389648438,179.75,183.3000030517578,174.37200927734375,17874216
2017-02-21,183.35000610351562,186.89999389648438,181.8000030517578,182.4499969482422,173.5634307861328,13307165
2017-02-22,183.0,184.0,179.10000610351562,180.0500030517578,171.2803497314453,8976506
2017-02-23,179.8000030517578,183.5,179.3000030517578,182.10000610351562,173.23046875,11393385
2017-02-27,182.35000610351562,183.14999389648438,179.1999969482422,180.75,171.94622802734375,7419931
2017-02-28,181.0,185.5,180.3000030517578,184.35000610351562,175.3708953857422,10009502
2017-03-01,185.14999389648438,192.0,184.60000610351562,189.25,180.0322265625,19044703
2017-03-02,191.1999969482422,196.14999389648438,188.1999969482422,189.4499969482422,180.2224884033203,22934124
2017-03-03,188.4499969482422,199.75,187.9499969482422,198.5500030517578,188.87925720214844,31030530
2017-03-06,198.6999969482422,202.3000030517578,196.35000610351562,199.5500030517578,189.83055114746094,17600803
2017-03-07,199.35000610351562,199.35000610351562,191.60000610351562,192.5500030517578,183.1715087890625,17607880
2017-03-08,192.89999389648438,193.39999389648438,186.8000030517578,190.1999969482422,180.93594360351562,19426738
2017-03-09,191.0,192.0,187.8000030517578,189.1999969482422,179.98468017578125,11667482
2017-03-10,190.8000030517578,191.35000610351562,187.0,187.60000610351562,178.46261596679688,9745858
2017-03-14,193.5,194.0,188.4499969482422,190.39999389648438,181.12620544433594,15425412
2017-03-15,192.39999389648438,192.89999389648438,190.0500030517578,190.85000610351562,181.5543212890625,11000147
2017-03-16,194.0,199.39999389648438,192.6999969482422,198.75,189.0695343017578,17634067
2017-03-17,200.0,200.35000610351562,194.64999389648438,196.1999969482422,186.6437225341797,12329364
2017-03-20,196.6999969482422,197.10000610351562,191.64999389648438,196.1999969482422,186.6437225341797,7107018
2017-03-21,196.0,199.8000030517578,193.25,198.3000030517578,188.64146423339844,8832703
2017-03-22,194.89999389648438,196.5,192.0,193.39999389648438,183.98008728027344,17762515
2017-03-23,194.39999389648438,195.1999969482422,192.6999969482422,193.6999969482422,184.26548767089844,10680580
2017-03-24,193.5,197.0,192.25,194.89999389648438,185.40704345703125,11748143
2017-03-27,193.9499969482422,194.5500030517578,187.60000610351562,188.6999969482422,179.50901794433594,16988411
2017-03-28,189.5,191.1999969482422,188.75,189.60000610351562,180.36520385742188,10087530
2017-03-29,190.60000610351562,193.14999389648438,189.60000610351562,192.25,182.88609313964844,9066478
2017-03-30,192.39999389648438,193.5500030517578,189.8000030517578,190.3000030517578,181.0310821533203,16296796
2017-03-31,190.8000030517578,195.9499969482422,190.5,195.0500030517578,185.54974365234375,13264696
2017-04-03,195.10000610351562,196.85000610351562,192.35000610351562,193.60000610351562,184.17034912109375,7198876
2017-04-05,194.39999389648438,199.1999969482422,194.1999969482422,198.1999969482422,188.54627990722656,10440883
2017-04-06,196.6999969482422,196.6999969482422,191.35000610351562,193.9499969482422,184.50331115722656,15667730
2017-04-07,193.6999969482422,197.60000610351562,192.35000610351562,193.5,184.07522583007812,14576273
2017-04-10,194.10000610351562,195.5,192.60000610351562,195.0500030517578,185.54974365234375,6929296
2017-04-11,195.10000610351562,197.0,192.60000610351562,196.4499969482422,186.8815460205078,9870105
2017-04-12,196.9499969482422,198.0,192.10000610351562,193.0,183.59959411621094,14253253
2017-04-13,192.0,192.0,182.4499969482422,183.25,174.32447814941406,20027226
2017-04-17,182.5,182.9499969482422,179.35000610351562,181.4499969482422,172.61215209960938,16069287
2017-04-18,183.6999969482422,190.35000610351562,183.1999969482422,183.8000030517578,174.8477020263672,22344207
2017-04-19,183.64999389648438,187.1999969482422,182.0500030517578,186.0,176.9405517578125,10062015
2017-04-20,186.9499969482422,188.60000610351562,184.89999389648438,186.4499969482422,177.3686065673828,9335160
2017-04-21,187.75,190.6999969482422,184.60000610351562,188.10000610351562,178.938232421875,13683524
2017-04-24,188.0,191.6999969482422,187.10000610351562,190.8000030517578,181.50674438476562,8934000
2017-04-25,192.75,193.75,189.14999389648438,191.6999969482422,182.3629150390625,8090965
2017-04-26,192.60000610351562,198.4499969482422,192.60000610351562,197.0,187.40475463867188,13469283
2017-04-27,197.64999389648438,197.75,193.6999969482422,194.85000610351562,185.35948181152344,9453547
2017-04-28,193.85000610351562,203.6999969482422,192.25,199.35000610351562,189.64027404785156,17428449
2017-05-02,200.85000610351562,203.89999389648438,198.60000610351562,200.25,190.49644470214844,12542163
2017-05-03,201.10000610351562,201.89999389648438,196.4499969482422,197.0500030517578,187.45230102539062,7853965
2017-05-04,197.75,198.85000610351562,190.25,192.4499969482422,183.07635498046875,11224342
2017-05-05,192.0,192.0,183.39999389648438,185.8000030517578,176.75027465820312,19912601
2017-05-08,187.60000610351562,187.89999389648438,181.60000610351562,184.1999969482422,175.22821044921875,15591759
2017-05-09,184.5500030517578,188.60000610351562,183.10000610351562,186.39999389648438,177.321044921875,11355111
2017-05-10,187.0,188.5500030517578,185.4499969482422,187.10000610351562,177.98696899414062,9459887
2017-05-11,193.35000610351562,195.8000030517578,192.0500030517578,193.64999389648438,184.2178955078125,23026210
2017-05-12,194.75,195.35000610351562,189.14999389648438,191.0500030517578,181.74456787109375,11231977
2017-05-15,191.9499969482422,199.89999389648438,191.89999389648438,198.4499969482422,188.7841339111328,18159344
2017-05-16,198.64999389648438,198.85000610351562,195.5,196.5,186.9291229248047,10068622
2017-05-17,196.10000610351562,200.35000610351562,196.10000610351562,198.85000610351562,189.1646270751953,10643485
2017-05-18,196.0,196.6999969482422,192.3000030517578,194.0,184.55087280273438,13959394
2017-05-19,195.9499969482422,196.0,186.0,191.0,181.69700622558594,11428477
2017-05-22,192.5500030517578,194.39999389648438,189.14999389648438,190.25,180.98353576660156,9699691
2017-05-23,190.60000610351562,195.25,184.5500030517578,192.0,182.64828491210938,13372515
2017-05-24,191.9499969482422,193.64999389648438,185.10000610351562,187.0500030517578,177.93936157226562,11130641
2017-05-25,188.0,192.0,185.85000610351562,190.5500030517578,181.2689208984375,9696039
2017-05-26,190.6999969482422,203.14999389648438,189.39999389648438,198.39999389648438,188.736572265625,17803837
2017-05-29,198.3000030517578,204.89999389648438,197.25,201.25,191.44776916503906,12516450
2017-05-30,202.4499969482422,210.35000610351562,201.14999389648438,203.14999389648438,193.2552032470703,27444380
2017-05-31,203.9499969482422,208.25,200.0,200.6999969482422,190.92453002929688,26247788
2017-06-01,200.5,201.4499969482422,195.25,197.25,187.642578125,12262290
2017-06-02,198.3000030517578,200.1999969482422,194.64999389648438,197.0500030517578,187.45230102539062,8824329
2017-06-05,197.0,199.8000030517578,195.5,197.10000610351562,187.4998779296875,7725805
2017-06-06,197.0500030517578,198.14999389648438,194.8000030517578,195.4499969482422,185.93023681640625,6027099
2017-06-07,196.0500030517578,197.9499969482422,194.85000610351562,197.1999969482422,187.59503173828125,7822110
2017-06-08,197.1999969482422,200.6999969482422,197.10000610351562,198.4499969482422,188.7841339111328,7250812
2017-06-09,198.75,202.89999389648438,196.25,202.14999389648438,192.30389404296875,9077091
2017-06-12,201.14999389648438,204.3000030517578,198.6999969482422,200.60000610351562,190.8294219970703,7589316
2017-06-13,200.75,203.1999969482422,199.5,200.60000610351562,190.8294219970703,6458838
2017-06-14,200.60000610351562,201.0,196.14999389648438,200.14999389648438,190.40130615234375,8933791
2017-06-15,198.89999389648438,200.5,196.10000610351562,196.60000610351562,187.02423095703125,8424950
2017-06-16,196.60000610351562,197.6999969482422,194.89999389648438,195.25,185.739990234375,6718837
2017-06-19,196.60000610351562,201.4499969482422,196.0,200.85000610351562,191.06724548339844,6775145
2017-06-20,201.9499969482422,202.89999389648438,199.39999389648438,202.0,192.16122436523438,7011446
2017-06-21,200.4499969482422,200.5,195.6999969482422,196.5500030517578,186.97666931152344,10786414
2017-06-22,197.5500030517578,198.0,191.10000610351562,191.60000610351562,182.26779174804688,9349289
2017-06-23,191.25,191.3000030517578,186.60000610351562,188.6999969482422,179.50901794433594,14335956
2017-06-27,189.39999389648438,189.89999389648438,185.10000610351562,187.75,178.6053009033203,6723293
2017-06-28,188.0,190.39999389648438,185.8000030517578,189.85000610351562,180.60302734375,8184171
2017-06-29,192.0,193.60000610351562,191.39999389648438,192.1999969482422,182.83856201171875,7868064
2017-06-30,191.9499969482422,192.64999389648438,189.39999389648438,190.9499969482422,181.64942932128906,7522346
2017-07-03,191.1999969482422,197.8000030517578,191.1999969482422,196.64999389648438,187.07179260253906,13851222
2017-07-04,197.35000610351562,200.14999389648438,197.14999389648438,198.39999389648438,188.736572265625,15943321
2017-07-05,198.64999389648438,200.0,197.25,198.8000030517578,189.11709594726562,6510422
2017-07-06,198.0500030517578,199.60000610351562,196.14999389648438,196.64999389648438,187.07179260253906,6864881
2017-07-07,195.3000030517578,197.89999389648438,194.5500030517578,194.89999389648438,185.40704345703125,7307585
2017-07-10,195.39999389648438,197.1999969482422,194.0,195.8000030517578,186.26319885253906,3225083
2017-07-11,195.5,202.3000030517578,195.25,200.64999389648438,190.87698364257812,15115931
2017-07-12,201.75,202.39999389648438,199.0500030517578,200.60000610351562,190.8294219970703,8329987
2017-07-13,201.60000610351562,205.60000610351562,197.6999969482422,204.6999969482422,194.72970581054688,11902359
2017-07-14,205.8000030517578,207.39999389648438,204.0,205.9499969482422,195.91883850097656,14793571
2017-07-17,206.14999389648438,209.5,206.14999389648438,209.14999389648438,198.9629669189453,9977809
2017-07-18,207.9499969482422,210.39999389648438,206.39999389648438,207.39999389648438,197.29820251464844,7529525
2017-07-19,207.5,213.89999389648438,207.39999389648438,213.4499969482422,203.0535125732422,13700281
2017-07-20,213.3000030517578,214.60000610351562,211.3000030517578,213.64999389648438,203.24378967285156,6600194
2017-07-21,213.39999389648438,215.60000610351562,208.0,214.5500030517578,204.09994506835938,9896744
2017-07-24,214.6999969482422,215.8000030517578,212.14999389648438,214.39999389648438,203.95726013183594,7911040
2017-07-25,215.0,220.89999389648438,213.25,220.1999969482422,209.47476196289062,10567887
2017-07-26,222.0,222.8000030517578,218.75,221.5500030517578,210.7589874267578,8253006
2017-07-27,221.75,223.75,219.4499969482422,221.25,210.4736328125,8395336
2017-07-28,219.9499969482422,219.9499969482422,214.0,215.85000610351562,205.3366241455078,6034925
2017-07-31,216.0,220.85000610351562,215.5,219.64999389648438,208.9515380859375,5389040
2017-08-01,221.10000610351562,226.64999389648438,221.10000610351562,225.75,214.75440979003906,10837725
2017-08-02,225.60000610351562,228.89999389648438,222.5500030517578,228.1999969482422,217.08509826660156,6397948
2017-08-03,227.8000030517578,227.8000030517578,220.1999969482422,220.9499969482422,210.18821716308594,10254636
2017-08-04,218.35000610351562,225.89999389648438,218.35000610351562,225.25,214.27879333496094,5760887
2017-08-07,226.35000610351562,228.6999969482422,224.10000610351562,227.64999389648438,216.5618896484375,4951339
2017-08-08,233.0,244.89999389648438,232.3000030517578,234.89999389648438,223.45875549316406,24897407
2017-08-09,237.6999969482422,243.1999969482422,237.39999389648438,239.4499969482422,227.7871551513672,12844802
2017-08-10,239.0,244.8000030517578,234.75,238.0,226.40777587890625,10897284
2017-08-11,235.0,235.0,218.0,221.0,210.23580932617188,21126006
2017-08-14,223.10000610351562,231.6999969482422,223.10000610351562,229.14999389648438,217.9888153076172,10891996
2017-08-16,232.25,236.3000030517578,227.14999389648438,233.60000610351562,222.22210693359375,10236544
2017-08-17,236.5,239.5,227.8000030517578,230.3000030517578,219.08282470703125,10310147
2017-08-18,227.0,232.5500030517578,225.75,230.0500030517578,218.84500122070312,10750779
2017-08-21,233.8000030517578,236.5,223.9499969482422,224.89999389648438,213.94583129882812,7018024
2017-08-22,228.0,231.64999389648438,225.8000030517578,228.89999389648438,217.7510223388672,12201333
2017-08-23,230.0,231.5,225.85000610351562,230.89999389648438,219.65362548828125,7189281
2017-08-24,232.0,234.64999389648438,230.3000030517578,233.0,221.65130615234375,9492099
2017-08-28,234.1999969482422,235.5,231.8000030517578,233.5500030517578,222.17453002929688,5152003
2017-08-29,234.0,234.25,226.60000610351562,227.3000030517578,216.2289276123047,9095620
2017-08-30,230.85000610351562,237.6999969482422,230.14999389648438,236.35000610351562,224.838134765625,12685001
2017-08-31,237.8000030517578,239.4499969482422,235.10000610351562,238.0,226.40777587890625,23200769
2017-09-01,239.25,245.0,238.0500030517578,243.75,231.87770080566406,9852014
2017-09-04,244.4499969482422,247.0,237.5500030517578,242.4499969482422,230.6410369873047,11283027
2017-09-05,243.1999969482422,244.35000610351562,240.1999969482422,241.89999389648438,231.1666259765625,3776840
2017-09-06,236.0,246.6999969482422,236.0,245.8000030517578,234.8936004638672,9688366
2017-09-07,247.5,251.25,245.64999389648438,249.9499969482422,238.85943603515625,11330389
2017-09-08,251.75,255.4499969482422,246.64999389648438,249.5500030517578,238.47718811035156,11886595
2017-09-11,251.4499969482422,252.5,246.60000610351562,250.0500030517578,238.9550018310547,6580356
2017-09-12,250.5,254.60000610351562,249.5,250.9499969482422,239.81504821777344,6812508
2017-09-13,250.25,251.6999969482422,246.35000610351562,248.0,236.99595642089844,4323093
2017-09-14,249.3000030517578,252.0,244.4499969482422,247.1999969482422,236.23146057128906,7307378
2017-09-15,245.0500030517578,249.6999969482422,241.39999389648438,247.8000030517578,236.80484008789062,8809971
2017-09-18,248.60000610351562,251.35000610351562,247.75,249.5,238.42942810058594,5570498
2017-09-19,250.39999389648438,250.39999389648438,245.60000610351562,246.5,235.56251525878906,4938461
2017-09-20,247.39999389648438,248.9499969482422,241.8000030517578,244.10000610351562,233.26902770996094,9917420
2017-09-21,245.5,245.8000030517578,236.3000030517578,244.5500030517578,233.6990509033203,9888709
2017-09-22,243.3000030517578,243.3000030517578,229.10000610351562,230.89999389648438,220.6547393798828,14454217
2017-09-25,231.39999389648438,232.5,223.3000030517578,229.10000610351562,218.93460083007812,9248669
2017-09-26,228.25,235.35000610351562,227.8000030517578,234.60000610351562,224.1905517578125,7602977
2017-09-27,234.75,235.1999969482422,230.6999969482422,233.64999389648438,223.28269958496094,6569514
2017-09-28,232.5,239.6999969482422,232.35000610351562,238.4499969482422,227.8697052001953,15196210
2017-09-29,241.3000030517578,242.64999389648438,238.60000610351562,240.60000610351562,229.92433166503906,9189997
2017-10-03,242.5,244.6999969482422,238.1999969482422,241.60000610351562,230.87994384765625,4986233
2017-10-04,242.0500030517578,243.0,240.3000030517578,241.89999389648438,231.1666259765625,3207388
2017-10-05,242.0,242.85000610351562,239.39999389648438,240.75,230.0676727294922,3698369
2017-10-06,241.0,252.14999389648438,241.0,250.89999389648438,239.76727294921875,9453802
2017-10-09,250.4499969482422,253.39999389648438,248.35000610351562,249.5,238.42942810058594,5744914
2017-10-10,250.5,253.5,248.10000610351562,252.0500030517578,240.86624145507812,8106676
2017-10-11,252.9499969482422,254.60000610351562,246.60000610351562,249.5,238.42942810058594,9799296
2017-10-12,250.25,265.3999938964844,249.6999969482422,264.45001220703125,252.71607971191406,30320448
2017-10-13,264.70001220703125,267.6499938964844,261.5,266.6000061035156,254.77072143554688,12276907
2017-10-16,268.45001220703125,272.8999938964844,267.5,271.3999938964844,259.357666015625,14632858
2017-10-17,271.8999938964844,277.8999938964844,269.5,276.5,264.2314147949219,9929992
2017-10-18,277.0,278.45001220703125,273.20001220703125,275.29998779296875,263.08465576171875,9664157
2017-10-19,275.0,275.25,273.1499938964844,273.8999938964844,261.7467346191406,569539
2017-10-23,274.6499938964844,278.54998779296875,269.45001220703125,271.8999938964844,259.8354797363281,6263035
2017-10-24,269.6000061035156,275.0,267.5,268.8500061035156,256.92083740234375,9597374
2017-10-25,271.79998779296875,272.3999938964844,264.25,266.75,254.91403198242188,7240195
2017-10-26,269.25,275.29998779296875,268.0,272.8999938964844,260.7911071777344,8484342
2017-10-27,275.95001220703125,276.29998779296875,269.1499938964844,270.04998779296875,258.06756591796875,4587536
2017-10-30,270.54998779296875,275.79998779296875,270.45001220703125,273.20001220703125,261.0778503417969,4647384
2017-10-31,272.20001220703125,273.79998779296875,264.75,267.3999938964844,255.53518676757812,4764121
2017-11-01,269.5,276.0,267.6000061035156,275.29998779296875,263.08465576171875,9043536
2017-11-02,276.0,276.0,266.3500061035156,270.79998779296875,258.7843322753906,8317616
2017-11-03,276.3999938964844,277.6000061035156,265.6000061035156,268.8999938964844,256.9686279296875,14396735
2017-11-06,268.70001220703125,274.6000061035156,261.0,272.95001220703125,260.8388977050781,10582403
2017-11-07,273.8500061035156,274.8999938964844,264.0,266.8999938964844,255.05734252929688,8882930
2017-11-08,268.20001220703125,269.8500061035156,259.20001220703125,263.04998779296875,251.378173828125,7922193
2017-11-09,267.1000061035156,267.95001220703125,259.0,263.29998779296875,251.61703491210938,7419140
2017-11-10,261.5,267.04998779296875,260.79998779296875,264.04998779296875,252.3338165283203,5272277
2017-11-13,264.0,265.25,258.79998779296875,260.8999938964844,249.32357788085938,5439255
2017-11-14,260.1000061035156,264.75,259.1499938964844,261.0,249.4191131591797,5575097
2017-11-15,259.5,259.70001220703125,248.39999389648438,251.85000610351562,240.67514038085938,9886735
2017-11-16,253.5500030517578,256.1499938964844,251.35000610351562,254.6999969482422,243.398681640625,5264913
2017-11-17,256.75,263.20001220703125,256.75,258.8500061035156,247.36453247070312,5927180
2017-11-20,259.0,262.5,253.3000030517578,261.45001220703125,249.8491973876953,6377940
2017-11-21,262.6000061035156,265.1000061035156,259.25,261.45001220703125,249.8491973876953,3610061
2017-11-22,262.79998779296875,263.8500061035156,256.79998779296875,257.75,246.3133544921875,4497727
2017-11-23,257.0,258.6499938964844,250.0500030517578,255.25,243.92428588867188,9682203
2017-11-24,255.3000030517578,255.75,251.0,251.64999389648438,240.4840087890625,6186665
2017-11-27,250.89999389648438,253.60000610351562,247.1999969482422,249.64999389648438,238.57275390625,7592581
2017-11-28,249.14999389648438,253.0,248.0,250.64999389648438,239.52838134765625,4692698
2017-11-29,250.89999389648438,251.9499969482422,246.0,246.89999389648438,235.94476318359375,5285364
2017-11-30,245.10000610351562,247.4499969482422,239.5,240.4499969482422,229.7809600830078,14998374
2017-12-01,240.5,241.35000610351562,233.5500030517578,235.35000610351562,224.90725708007812,7209250
2017-12-04,236.5,240.85000610351562,234.64999389648438,239.5500030517578,228.9208984375,6457124
2017-12-05,238.85000610351562,241.6999969482422,235.6999969482422,240.0500030517578,229.3987274169922,6775195
2017-12-06,236.5,236.64999389648438,231.1999969482422,232.10000610351562,221.80148315429688,7402990
2017-12-07,232.5,238.0,229.39999389648438,237.1999969482422,226.6751708984375,7697931
2017-12-08,238.4499969482422,243.9499969482422,237.5500030517578,239.6999969482422,229.06422424316406,8857585
2017-12-11,240.0,240.85000610351562,236.0500030517578,238.10000610351562,227.53524780273438,6613622
2017-12-12,238.4499969482422,243.1999969482422,236.60000610351562,237.9499969482422,227.3918914794922,5268296
2017-12-13,235.64999389648438,239.89999389648438,233.5500030517578,234.4499969482422,224.04721069335938,7349390
2017-12-14,235.5,238.0,233.0500030517578,236.39999389648438,225.91065979003906,6618531
2017-12-15,240.85000610351562,243.9499969482422,239.10000610351562,242.75,231.97889709472656,6290840
2017-12-18,241.0,254.3000030517578,235.5,249.64999389648438,238.57275390625,13833894
2017-12-19,252.0,254.89999389648438,250.60000610351562,254.3000030517578,243.0164337158203,5550113
2017-12-20,254.5,261.0,251.1999969482422,258.3500061035156,246.88673400878906,15519081
2017-12-21,260.8999938964844,264.6499938964844,259.6499938964844,263.29998779296875,251.61703491210938,13770746
2017-12-22,263.5,269.5,263.3500061035156,267.8500061035156,255.9651641845703,7760233
2017-12-26,268.79998779296875,270.5,266.5,268.6499938964844,256.7297058105469,4332214
2017-12-27,268.8999938964844,269.70001220703125,264.70001220703125,265.75,253.9584197998047,6351948
2017-12-28,267.0,278.79998779296875,267.0,275.25,263.0368347167969,22938436
2017-12-29,276.75,276.75,270.70001220703125,273.54998779296875,261.4122619628906,5007765
2018-01-01,273.0,277.8999938964844,270.0,271.1499938964844,259.1187744140625,4614411
2018-01-02,274.3999938964844,274.3999938964844,268.1000061035156,271.8999938964844,259.8354797363281,4546324
2018-01-03,273.3999938964844,279.3500061035156,273.1000061035156,276.5,264.2314147949219,7285874
2018-01-04,277.1000061035156,281.29998779296875,274.79998779296875,279.79998779296875,267.38494873046875,10346774
2018-01-05,282.0,284.0,275.1000061035156,276.3999938964844,264.1358337402344,7084973
2018-01-08,277.0,279.04998779296875,273.70001220703125,276.1499938964844,263.8969421386719,4157464
2018-01-09,277.54998779296875,277.54998779296875,270.6499938964844,271.5,259.4532470703125,5197857
2018-01-10,272.79998779296875,276.5,266.6000061035156,268.79998779296875,256.873046875,7472579
2018-01-11,268.79998779296875,271.1499938964844,266.79998779296875,267.75,255.86964416503906,6502479
2018-01-12,269.0,271.6000061035156,266.6499938964844,268.8500061035156,256.92083740234375,4435500
2018-01-15,270.20001220703125,274.6499938964844,265.79998779296875,266.70001220703125,254.86627197265625,6592272
2018-01-16,267.79998779296875,268.0,259.70001220703125,260.54998779296875,248.98910522460938,8447591
2018-01-17,260.29998779296875,265.25,256.45001220703125,262.75,251.09149169921875,11037340
2018-01-18,263.70001220703125,263.70001220703125,252.10000610351562,253.89999389648438,242.63417053222656,11341249
2018-01-19,254.0,259.3500061035156,252.1999969482422,258.0,246.55226135253906,5898314
2018-01-22,258.0,258.79998779296875,251.10000610351562,255.10000610351562,243.7809295654297,6230212
2018-01-23,256.1000061035156,270.70001220703125,256.1000061035156,264.95001220703125,253.19387817382812,17400430
2018-01-24,263.54998779296875,264.3999938964844,256.79998779296875,258.70001220703125,247.22119140625,6409442
2018-01-25,259.29998779296875,266.8500061035156,256.3999938964844,258.95001220703125,247.46009826660156,15254979
2018-01-29,261.6000061035156,263.8999938964844,253.39999389648438,258.6000061035156,247.12564086914062,5990929
2018-01-30,257.75,258.0,252.5500030517578,253.5500030517578,242.29969787597656,5286436
2018-01-31,253.39999389648438,263.20001220703125,252.0,256.1499938964844,244.7843475341797,17514495
2018-02-01,257.79998779296875,259.5,248.75,256.25,244.87989807128906,8940788
2018-02-02,256.45001220703125,261.6499938964844,245.75,249.85000610351562,238.7638702392578,21737420
2018-02-05,242.5,249.39999389648438,240.25,246.60000610351562,235.6580810546875,8462501
2018-02-06,236.0,248.5,232.5,244.39999389648438,233.55569458007812,10473645
2018-02-07,245.0,253.0,244.10000610351562,246.0,235.08468627929688,13707458
2018-02-08,245.60000610351562,249.35000610351562,240.5,245.1999969482422,234.32020568847656,10180978
2018-02-09,240.0,245.5,237.35000610351562,243.5,232.69564819335938,7024965
2018-02-12,247.0,247.64999389648438,242.0,243.25,232.45672607421875,5557349
2018-02-14,246.3000030517578,246.5500030517578,241.75,243.25,232.45672607421875,7121280
2018-02-15,245.5,254.25,244.0,251.5,240.34066772460938,10053559
2018-02-16,255.5,256.95001220703125,246.39999389648438,247.64999389648438,236.66148376464844,7629453
2018-02-19,248.10000610351562,250.5,242.60000610351562,247.5500030517578,236.56593322753906,6056718
2018-02-20,247.8000030517578,252.39999389648438,246.8000030517578,248.8000030517578,237.76046752929688,4778807
2018-02-21,250.5,250.8000030517578,238.75,240.64999389648438,229.97207641601562,11901519
2018-02-22,238.5,241.0,233.85000610351562,239.89999389648438,229.25537109375,13120748
2018-02-23,241.5,247.4499969482422,240.0500030517578,246.5500030517578,235.6103057861328,6908252
2018-02-26,246.5500030517578,251.4499969482422,244.60000610351562,246.1999969482422,235.2758331298828,6522004
2018-02-27,248.64999389648438,249.89999389648438,243.35000610351562,244.3000030517578,233.4601287841797,4805004
2018-02-28,240.75,246.64999389648438,238.64999389648438,245.39999389648438,234.5113067626953,8747792
2018-03-01,243.39999389648438,247.0,239.0,240.8000030517578,230.11541748046875,5767109
2018-03-05,236.0,236.0,228.1999969482422,229.60000610351562,219.4123992919922,12425050
2018-03-06,231.0,235.10000610351562,224.14999389648438,225.85000610351562,215.8288116455078,12488311
2018-03-07,222.0,225.3000030517578,219.10000610351562,224.4499969482422,214.49090576171875,13960066
2018-03-08,226.5,227.5,217.6999969482422,222.6999969482422,212.81854248046875,7733982
2018-03-09,224.6999969482422,226.14999389648438,219.35000610351562,220.1999969482422,210.4294891357422,13433660
2018-03-12,220.0500030517578,228.60000610351562,217.39999389648438,227.64999389648438,217.54893493652344,9531278
2018-03-13,225.0,227.9499969482422,222.5,226.14999389648438,216.11546325683594,9990633
2018-03-14,223.5,227.89999389648438,221.6999969482422,226.6999969482422,216.6410675048828,6385584
2018-03-15,226.0,227.10000610351562,223.0,224.89999389648438,214.9209442138672,6730350
2018-03-16,224.0,227.3000030517578,220.14999389648438,221.6999969482422,211.86293029785156,7793461
2018-03-19,222.6999969482422,223.89999389648438,212.0,214.5500030517578,205.03018188476562,6780348
2018-03-20,211.0,218.8000030517578,210.3000030517578,217.3000030517578,207.6581573486328,9600657
2018-03-21,219.0,219.85000610351562,213.3000030517578,214.6999969482422,205.17352294921875,8817896
2018-03-22,215.6999969482422,219.1999969482422,212.60000610351562,216.8000030517578,207.18035888671875,8362938
2018-03-23,209.0,210.6999969482422,204.3000030517578,206.10000610351562,196.9551239013672,12819120
2018-03-26,205.35000610351562,211.5,202.60000610351562,210.5500030517578,201.20767211914062,10187531
2018-03-27,212.89999389648438,219.3000030517578,210.14999389648438,218.5,208.80490112304688,15563344
2018-03-28,216.5,216.5,212.3000030517578,214.5500030517578,205.03018188476562,13861721
2018-04-02,216.5500030517578,216.8000030517578,210.10000610351562,211.25,201.87661743164062,8156843
2018-04-03,210.0,211.6999969482422,204.4499969482422,207.9499969482422,198.72303771972656,18145471
2018-04-04,208.0,210.10000610351562,200.0,200.8000030517578,191.89028930664062,17752702
2018-04-05,206.6999969482422,214.9499969482422,206.14999389648438,214.14999389648438,204.64793395996094,24201909
2018-04-06,210.0500030517578,215.9499969482422,210.0500030517578,214.0,204.50457763671875,15008286
2018-04-09,214.64999389648438,223.5,214.64999389648438,221.35000610351562,211.52845764160156,18411692
2018-04-10,230.0,232.85000610351562,228.5,230.0,219.79466247558594,27519382
2018-04-11,235.0,236.5,231.10000610351562,234.1999969482422,223.8082733154297,18802049
2018-04-12,233.9499969482422,235.60000610351562,231.0500030517578,232.60000610351562,222.27928161621094,11712671
2018-04-13,235.0,238.5,234.60000610351562,237.8000030517578,227.24856567382812,16774668
2018-04-16,237.1999969482422,240.6999969482422,235.5500030517578,239.4499969482422,228.82533264160156,9325515
2018-04-17,241.5,246.8000030517578,238.0,239.39999389648438,228.77755737304688,16417908
2018-04-18,239.6999969482422,244.75,236.0500030517578,242.8000030517578,232.0266876220703,23323232
2018-04-19,250.0,267.79998779296875,249.10000610351562,264.75,253.00277709960938,37033062
2018-04-20,255.9499969482422,263.5,254.25,262.1000061035156,250.47035217285156,23314520
2018-04-23,263.0,264.95001220703125,254.3000030517578,255.60000610351562,244.25875854492188,9559885
2018-04-24,239.0,239.0,231.10000610351562,236.75,226.2451171875,35117665
2018-04-25,234.75,236.39999389648438,230.10000610351562,232.0500030517578,221.75369262695312,10496552
2018-04-26,233.25,238.6999969482422,231.4499969482422,234.0,223.61715698242188,16400986
2018-04-27,236.75,237.9499969482422,234.0,234.9499969482422,224.52500915527344,9169183
2018-04-30,236.1999969482422,238.35000610351562,232.35000610351562,235.64999389648438,225.1939239501953,5872046
2018-05-02,235.0,235.75,226.1999969482422,228.0500030517578,217.93118286132812,8849434
2018-05-03,229.0500030517578,234.5,227.60000610351562,231.5500030517578,221.27587890625,10232446
2018-05-04,231.39999389648438,232.8000030517578,227.0500030517578,231.35000610351562,221.08477783203125,7889501
2018-05-07,234.25,239.14999389648438,232.39999389648438,237.85000610351562,227.2963409423828,7746284
2018-05-08,237.8000030517578,239.85000610351562,232.8000030517578,238.6999969482422,228.1085968017578,8701503
2018-05-09,241.3000030517578,248.35000610351562,236.85000610351562,238.14999389648438,227.58303833007812,18653553
2018-05-10,240.25,242.89999389648438,236.8000030517578,241.3000030517578,230.59324645996094,8435591
2018-05-11,242.0,243.3000030517578,238.60000610351562,242.6999969482422,231.93113708496094,6236509
2018-05-14,243.1999969482422,244.6999969482422,239.75,242.10000610351562,231.35775756835938,6801148
2018-05-15,241.39999389648438,248.25,239.6999969482422,243.89999389648438,233.07786560058594,7445308
2018-05-16,243.25,247.60000610351562,237.0,239.75,229.1120147705078,17297698
2018-05-17,240.0,240.8000030517578,228.60000610351562,233.0500030517578,222.7093048095703,17195201
2018-05-18,232.0500030517578,235.4499969482422,230.60000610351562,231.5,221.22808837890625,7332967
2018-05-21,232.25,234.0,224.35000610351562,228.25,218.12228393554688,8159685
2018-05-22,229.0,236.1999969482422,225.14999389648438,234.9499969482422,224.52500915527344,9261805
2018-05-23,234.0,234.89999389648438,228.8000030517578,229.9499969482422,219.7468719482422,8998284
2018-05-24,231.0,235.64999389648438,227.14999389648438,234.10000610351562,223.71273803710938,9274702
2018-05-25,235.0,247.25,234.5500030517578,245.5,234.6068878173828,15151718
2018-05-28,247.0,247.6999969482422,240.75,241.64999389648438,230.92771911621094,5898310
2018-05-29,240.0,244.89999389648438,239.39999389648438,242.5,231.74000549316406,6812212
2018-05-30,239.9499969482422,240.25,235.5500030517578,238.10000610351562,227.53524780273438,7818247
2018-05-31,239.3000030517578,239.89999389648438,233.0,234.1999969482422,223.8082733154297,8948198
2018-06-01,233.8000030517578,239.5,231.0500030517578,238.5,227.91749572753906,7341372
2018-06-04,240.0,242.85000610351562,237.6999969482422,241.60000610351562,230.87994384765625,8045521
2018-06-05,240.1999969482422,243.1999969482422,237.6999969482422,242.0500030517578,231.30996704101562,5490029
2018-06-06,242.5,249.5500030517578,241.5,248.10000610351562,237.09152221679688,6455908
2018-06-07,252.0,255.5,247.4499969482422,248.60000610351562,237.56935119628906,12822346
2018-06-08,245.64999389648438,247.14999389648438,240.5500030517578,242.14999389648438,231.40554809570312,6829526
2018-06-11,242.0500030517578,245.64999389648438,241.85000610351562,244.6999969482422,233.84239196777344,5187556
2018-06-12,244.6999969482422,245.89999389648438,238.6999969482422,240.64999389648438,229.97207641601562,4661081
2018-06-13,240.6999969482422,247.1999969482422,239.64999389648438,245.0,234.1290740966797,5976795
2018-06-14,245.0,249.5,243.3000030517578,244.75,233.89016723632812,6799990
2018-06-15,245.0,245.10000610351562,235.5500030517578,237.39999389648438,226.86630249023438,6786903
2018-06-18,235.0,235.0,229.0,231.0,220.7502899169922,6830177
2018-06-19,229.0,232.1999969482422,221.85000610351562,225.8000030517578,215.78102111816406,10126361
2018-06-20,226.0,229.75,224.0500030517578,226.1999969482422,216.1632537841797,7229700
2018-06-21,228.3000030517578,228.3000030517578,221.5,222.3000030517578,212.43630981445312,6019694
2018-06-22,222.0500030517578,222.75,218.6999969482422,222.0,212.14964294433594,9807671
2018-06-25,221.0500030517578,227.25,217.8000030517578,218.39999389648438,208.7093505859375,9318246
2018-06-26,218.5,223.6999969482422,216.8000030517578,222.9499969482422,213.0574493408203,8483133
2018-06-27,223.25,223.6999969482422,216.89999389648438,217.89999389648438,208.23153686523438,6888151
2018-06-28,218.0,222.60000610351562,216.14999389648438,221.0500030517578,211.24176025390625,10398473
2018-06-29,222.8000030517578,232.0,221.5500030517578,230.5,220.2724609375,10441528
2018-07-02,231.0,231.10000610351562,218.85000610351562,223.25,213.3441619873047,9159214
2018-07-03,223.5,227.4499969482422,220.6999969482422,226.10000610351562,216.0677032470703,8001296
2018-07-04,225.8000030517578,225.8000030517578,220.10000610351562,224.10000610351562,214.1564483642578,5246876
2018-07-05,223.8000030517578,223.89999389648438,219.3000030517578,220.3000030517578,210.52503967285156,4773707
2018-07-06,219.39999389648438,226.35000610351562,214.5500030517578,220.4499969482422,210.66836547851562,8822679
2018-07-09,223.0,225.85000610351562,221.5,222.0500030517578,212.19740295410156,5167643
2018-07-10,224.25,230.0500030517578,224.0500030517578,229.0500030517578,218.88681030273438,11551274
2018-07-11,226.85000610351562,226.85000610351562,219.8000030517578,220.8000030517578,211.0028839111328,9759711
2018-07-12,221.0,225.89999389648438,219.64999389648438,220.3000030517578,210.52503967285156,8962227
2018-07-13,222.89999389648438,222.89999389648438,216.60000610351562,218.75,209.04383850097656,5814556
2018-07-16,218.0,220.5,212.39999389648438,213.0500030517578,203.59674072265625,6440638
2018-07-17,211.0,221.25,208.0500030517578,219.5,209.76052856445312,8643253
2018-07-18,220.89999389648438,221.4499969482422,210.5,212.39999389648438,202.97557067871094,7509081
2018-07-19,214.0,214.39999389648438,194.5,197.60000610351562,188.832275390625,33211007
2018-07-20,200.35000610351562,202.1999969482422,193.60000610351562,195.64999389648438,186.96878051757812,22835887
2018-07-23,196.10000610351562,198.4499969482422,192.35000610351562,196.14999389648438,187.4466094970703,13363743
2018-07-24,197.0,210.0,196.14999389648438,207.60000610351562,198.3885498046875,18526745
2018-07-25,209.6999969482422,213.3000030517578,207.5,209.0,199.7264404296875,15344017
2018-07-26,210.5,210.5,201.6999969482422,206.5500030517578,197.38514709472656,13565234
2018-07-27,212.75,220.8000030517578,212.0,213.39999389648438,203.9311981201172,30005793
2018-07-30,214.0,216.4499969482422,209.4499969482422,211.25,201.87661743164062,9030681
2018-07-31,211.0,214.9499969482422,207.6999969482422,213.39999389648438,203.9311981201172,11169360
2018-08-01,214.5,214.89999389648438,206.35000610351562,208.0,198.7707977294922,11173257
2018-08-02,206.0,210.75,203.25,207.89999389648438,198.6752471923828,12829967
2018-08-03,208.0500030517578,212.6999969482422,204.5,211.60000610351562,202.21109008789062,16743513
2018-08-06,212.60000610351562,216.8000030517578,210.3000030517578,216.10000610351562,206.51141357421875,10375458
2018-08-07,218.8000030517578,222.5500030517578,214.60000610351562,219.0,209.28273010253906,20854265
2018-08-08,223.0,224.89999389648438,219.39999389648438,220.60000610351562,210.81173706054688,20806040
2018-08-09,224.0,228.1999969482422,222.6999969482422,227.4499969482422,217.3577880859375,15345515
2018-08-10,228.75,228.8000030517578,220.1999969482422,222.6999969482422,212.81854248046875,13147995
2018-08-13,220.9499969482422,223.60000610351562,217.64999389648438,221.64999389648438,211.8151397705078,9996307
2018-08-14,221.0500030517578,223.9499969482422,220.25,221.4499969482422,211.62400817871094,7631497
2018-08-16,217.60000610351562,218.3000030517578,213.5,216.10000610351562,206.51141357421875,8129284
2018-08-17,218.5500030517578,221.1999969482422,217.60000610351562,219.6999969482422,209.95167541503906,5232908
2018-08-20,221.0,227.0,220.39999389648438,226.64999389648438,216.59326171875,7597426
2018-08-21,227.9499969482422,228.14999389648438,224.1999969482422,226.39999389648438,216.3543701171875,6115262
2018-08-23,226.5,226.9499969482422,219.10000610351562,221.0500030517578,211.24176025390625,6182708
2018-08-24,219.0500030517578,223.35000610351562,216.64999389648438,222.10000610351562,212.2451934814453,9112060
2018-08-27,226.1999969482422,231.0,224.89999389648438,230.25,220.0335693359375,13523673
2018-08-28,233.64999389648438,240.0,231.60000610351562,239.0,228.39532470703125,18891748
2018-08-29,239.0,243.0,236.10000610351562,236.85000610351562,226.34071350097656,12141850
2018-08-30,238.60000610351562,241.60000610351562,235.6999969482422,240.25,229.58984375,9911302
2018-08-31,240.0,240.6999969482422,236.35000610351562,237.9499969482422,227.3918914794922,7187784
2018-09-03,237.5,242.85000610351562,236.60000610351562,239.39999389648438,228.77755737304688,8308169
2018-09-04,239.39999389648438,239.85000610351562,232.60000610351562,235.10000610351562,224.66836547851562,5836458
2018-09-05,233.10000610351562,240.89999389648438,231.3000030517578,239.9499969482422,229.3031463623047,11428802
2018-09-06,239.10000610351562,240.39999389648438,234.3000030517578,235.39999389648438,224.9550323486328,7398756
2018-09-07,237.0,246.25,234.25,242.5500030517578,231.7877960205078,11021703
2018-09-10,242.0,243.89999389648438,234.85000610351562,235.6999969482422,225.24172973632812,6103496
2018-09-11,236.8000030517578,240.8000030517578,228.75,231.60000610351562,221.3236541748047,12646049
2018-09-12,233.39999389648438,238.6999969482422,227.60000610351562,237.89999389648438,228.5281982421875,8896676
2018-09-14,240.35000610351562,249.0500030517578,240.35000610351562,245.4499969482422,235.78077697753906,15742465
2018-09-17,244.0,245.64999389648438,240.5,241.35000610351562,231.84230041503906,9898386
2018-09-18,242.39999389648438,243.1999969482422,233.5,234.14999389648438,224.92593383789062,6825203
2018-09-19,236.6999969482422,240.4499969482422,233.5500030517578,235.64999389648438,226.36683654785156,9799989
2018-09-21,237.3000030517578,242.4499969482422,224.0,240.39999389648438,230.92971801757812,17636361
2018-09-24,240.60000610351562,245.35000610351562,236.5,239.89999389648438,230.44943237304688,8991121
2018-09-25,240.0500030517578,244.8000030517578,234.8000030517578,243.0500030517578,233.475341796875,7847876
2018-09-26,246.0,250.35000610351562,241.39999389648438,247.9499969482422,238.1822967529297,11935712
2018-09-27,248.75,250.8000030517578,242.8000030517578,243.89999389648438,234.29180908203125,11385152
2018-09-28,244.8000030517578,246.5,227.0,229.64999389648438,220.60317993164062,11588117
2018-10-01,229.10000610351562,244.10000610351562,225.0,242.89999389648438,233.33123779296875,12577302
2018-10-03,241.6999969482422,256.25,239.3000030517578,253.75,243.75381469726562,16541649
2018-10-04,252.0,259.75,249.5,251.85000610351562,241.9286651611328,17158063
2018-10-05,247.25,249.64999389648438,238.75,241.0500030517578,231.55413818359375,13862891
2018-10-08,235.0,236.89999389648438,210.6999969482422,222.5500030517578,213.7828826904297,25198149
2018-10-09,222.5,228.3000030517578,218.85000610351562,224.25,215.41595458984375,10656797
2018-10-10,225.0,228.1999969482422,222.5,226.89999389648438,217.96151733398438,8303201
2018-10-11,216.89999389648438,221.60000610351562,211.10000610351562,216.5,207.9712371826172,15964574
2018-10-12,218.0,228.14999389648438,218.0,226.6999969482422,217.76942443847656,7263391
2018-10-15,229.0,232.85000610351562,224.39999389648438,231.75,222.62045288085938,7695758
2018-10-16,231.89999389648438,232.8000030517578,228.1999969482422,230.5500030517578,221.46774291992188,10252207
2018-10-17,233.1999969482422,233.85000610351562,223.6999969482422,227.75,218.77806091308594,7065573
2018-10-19,224.89999389648438,230.75,222.5500030517578,227.0,218.05760192871094,5283114
2018-10-22,230.5500030517578,230.60000610351562,221.35000610351562,224.0,215.17578125,6460230
2018-10-23,221.89999389648438,226.89999389648438,216.39999389648438,219.5,210.85305786132812,6752747
2018-10-24,222.89999389648438,231.89999389648438,222.10000610351562,229.85000610351562,220.79534912109375,10435431
2018-10-25,227.3000030517578,228.0,219.39999389648438,222.35000610351562,213.59075927734375,7334578
2018-10-26,223.0500030517578,223.89999389648438,212.39999389648438,221.25,212.5341033935547,12234401
2018-10-29,221.0,225.8000030517578,217.14999389648438,224.14999389648438,215.31985473632812,10915002
2018-10-30,228.0,228.75,222.1999969482422,223.89999389648438,215.0797119140625,6568207
2018-10-31,224.0,224.35000610351562,216.1999969482422,220.39999389648438,211.71759033203125,9699183
2018-11-01,222.60000610351562,232.6999969482422,221.3000030517578,231.25,222.14016723632812,9524000
2018-11-02,235.0,244.6999969482422,231.35000610351562,240.4499969482422,230.9777374267578,19429972
2018-11-05,241.0,245.3000030517578,238.5,242.35000610351562,232.80291748046875,7753905
2018-11-06,242.9499969482422,244.35000610351562,238.39999389648438,242.60000610351562,233.04306030273438,5174397
2018-11-07,244.0,245.10000610351562,243.0,244.0500030517578,234.43592834472656,784393
2018-11-09,244.0,244.0,237.1999969482422,238.8000030517578,229.3927764892578,8125041
2018-11-12,238.39999389648438,240.0,228.3000030517578,229.25,220.2189483642578,9063022
2018-11-13,228.39999389648438,232.39999389648438,224.5500030517578,231.5500030517578,222.42835998535156,10009305
2018-11-14,232.75,233.39999389648438,228.3000030517578,229.5,220.4591064453125,6327199
2018-11-15,229.5,234.8000030517578,225.3000030517578,233.60000610351562,224.3975830078125,8640440
2018-11-16,232.60000610351562,235.4499969482422,228.5,229.9499969482422,220.89138793945312,5455625
2018-11-19,231.10000610351562,237.39999389648438,230.39999389648438,234.4499969482422,225.214111328125,7276409
2018-11-20,233.85000610351562,233.85000610351562,220.39999389648438,221.9499969482422,213.20654296875,14761307
2018-11-21,220.60000610351562,225.14999389648438,217.1999969482422,223.14999389648438,214.35926818847656,13704110
2018-11-22,224.0,225.3000030517578,216.5,218.10000610351562,209.50820922851562,9708087
2018-11-26,219.10000610351562,220.14999389648438,213.75,218.8000030517578,210.18063354492188,6781682
2018-11-27,217.0,223.0,213.25,219.89999389648438,211.2373046875,11504462
2018-11-28,220.0,222.3000030517578,214.5,216.0500030517578,207.53895568847656,8117964
2018-11-29,218.60000610351562,226.85000610351562,218.60000610351562,224.5,215.65609741210938,12444802
2018-11-30,224.4499969482422,227.39999389648438,220.6999969482422,226.1999969482422,217.28909301757812,9378800
2018-12-03,232.5,237.89999389648438,231.8000030517578,233.0500030517578,223.8692626953125,10802517
2018-12-04,230.6999969482422,235.5,228.8000030517578,233.35000610351562,224.15744018554688,9408047
2018-12-05,229.0500030517578,230.39999389648438,220.3000030517578,221.35000610351562,212.63018798828125,12875627
2018-12-06,219.3000030517578,221.60000610351562,214.3000030517578,217.89999389648438,209.31607055664062,13399767
2018-12-07,219.6999969482422,221.39999389648438,216.5500030517578,218.8000030517578,210.18063354492188,6694888
2018-12-10,212.39999389648438,220.25,211.4499969482422,217.89999389648438,209.31607055664062,9520082
2018-12-11,215.0,218.4499969482422,214.0,216.25,207.7310791015625,7211664
2018-12-12,218.0,222.89999389648438,217.0,221.3000030517578,212.5821533203125,7166872
2018-12-13,224.4499969482422,224.4499969482422,218.5,220.3000030517578,211.6215362548828,6889863
2018-12-14,219.5,222.85000610351562,217.3000030517578,220.14999389648438,211.47743225097656,5749881
2018-12-17,221.6999969482422,225.9499969482422,221.60000610351562,225.4499969482422,216.56866455078125,5693529
2018-12-18,224.0,227.0,222.60000610351562,225.25,216.3765411376953,5915969
2018-12-19,225.5500030517578,228.3000030517578,225.0,227.14999389648438,218.20167541503906,5429082
2018-12-20,222.8000030517578,225.0,219.75,223.89999389648438,215.0797119140625,8411639
2018-12-21,224.25,227.4499969482422,221.8000030517578,224.0,215.17578125,6933691
2018-12-24,224.0,224.0,216.9499969482422,217.85000610351562,209.26805114746094,4667022
2018-12-26,213.85000610351562,219.8000030517578,212.89999389648438,218.60000610351562,209.98854064941406,6554865
2018-12-27,221.39999389648438,223.89999389648438,219.60000610351562,220.60000610351562,211.9097137451172,7947144
2018-12-28,221.0,226.0500030517578,221.0,223.5,214.69544982910156,5074920
2018-12-31,226.6999969482422,228.5,225.25,226.1999969482422,217.28909301757812,6944360
2019-01-01,225.5,225.75,221.60000610351562,222.75,213.9750213623047,5015702
2019-01-02,218.9499969482422,219.14999389648438,213.64999389648438,214.5500030517578,206.09803771972656,10991026
2019-01-03,214.3000030517578,215.6999969482422,208.10000610351562,209.1999969482422,200.9588165283203,8656029
2019-01-04,210.0,212.39999389648438,207.5500030517578,210.89999389648438,202.5918426513672,17408469
2019-01-07,213.8000030517578,214.75,207.89999389648438,208.5500030517578,200.3344268798828,8143876
2019-01-08,208.5,209.5500030517578,205.3000030517578,206.5,198.36517333984375,13402916
2019-01-09,208.5,209.25,203.10000610351562,205.6999969482422,197.5966796875,13253349
2019-01-10,206.0,206.64999389648438,203.0500030517578,204.0,195.9636688232422,9291967
2019-01-11,204.0,207.9499969482422,204.0,205.85000610351562,197.74078369140625,13314252
2019-01-14,205.5,206.60000610351562,203.39999389648438,206.14999389648438,198.02896118164062,5204874
2019-01-15,207.35000610351562,209.0,205.64999389648438,208.5,200.28639221191406,7173758
2019-01-16,209.8000030517578,210.5,206.5500030517578,208.39999389648438,200.19032287597656,8209760
2019-01-17,208.5,208.6999969482422,205.3000030517578,206.0,197.88485717773438,6537377
2019-01-18,206.64999389648438,209.39999389648438,205.9499969482422,208.8000030517578,200.57455444335938,6258424
2019-01-21,209.10000610351562,209.89999389648438,205.10000610351562,207.64999389648438,199.46986389160156,4883723
2019-01-22,206.35000610351562,206.35000610351562,201.0,203.5500030517578,195.5313720703125,7665916
2019-01-23,203.5500030517578,207.3000030517578,203.4499969482422,205.4499969482422,197.35653686523438,5821081
2019-01-24,206.0,206.1999969482422,203.25,205.0500030517578,196.97230529785156,3917176
2019-01-25,206.1999969482422,207.9499969482422,203.25,204.4499969482422,196.39590454101562,4381964
2019-01-28,204.4499969482422,206.5,198.3000030517578,200.0,192.12123107910156,5741120
2019-01-29,199.10000610351562,200.6999969482422,197.4499969482422,199.5500030517578,191.68896484375,4458350
2019-01-30,200.39999389648438,206.25,200.39999389648438,205.8000030517578,197.69273376464844,5619506
2019-01-31,206.10000610351562,210.0,204.35000610351562,208.5,200.28639221191406,6553608
2019-02-01,208.0,212.35000610351562,203.5,211.39999389648438,203.07212829589844,10475839
2019-02-04,209.89999389648438,209.89999389648438,201.4499969482422,204.1999969482422,196.15576171875,6196724
2019-02-05,205.89999389648438,208.75,202.6999969482422,204.75,196.68411254882812,4765441
2019-02-06,205.60000610351562,212.10000610351562,202.5,211.39999389648438,203.07212829589844,5888996
2019-02-07,211.89999389648438,212.64999389648438,208.1999969482422,209.1999969482422,200.9588165283203,6215565
2019-02-08,208.9499969482422,209.14999389648438,204.39999389648438,205.89999389648438,197.78880310058594,3958618
2019-02-11,204.89999389648438,204.89999389648438,195.64999389648438,199.4499969482422,191.59291076660156,8463393
2019-02-12,199.0,202.6999969482422,197.0,198.35000610351562,190.5362548828125,16467366
2019-02-14,197.60000610351562,198.5500030517578,190.3000030517578,191.75,184.1962432861328,10767206
2019-02-15,192.3000030517578,192.5,182.1999969482422,186.60000610351562,179.24911499023438,12678835
2019-02-18,187.0,188.6999969482422,183.89999389648438,184.5500030517578,177.27987670898438,6483004
2019-02-19,185.10000610351562,189.25,184.10000610351562,186.5500030517578,179.20106506347656,5513105
2019-02-20,187.8000030517578,193.89999389648438,187.5500030517578,193.0,185.39700317382812,7595081
2019-02-21,193.89999389648438,195.5,192.25,194.39999389648438,186.74183654785156,6498528
2019-02-22,194.3000030517578,197.0,192.3000030517578,196.4499969482422,188.71107482910156,8758060
2019-02-25,197.0,198.5,194.35000610351562,196.5,188.7591094970703,6169952
2019-02-26,192.75,197.1999969482422,189.0500030517578,196.5,188.7591094970703,9059558
2019-02-27,199.0,199.0,194.60000610351562,195.9499969482422,188.23074340820312,11910998
2019-02-28,197.6999969482422,198.1999969482422,195.0,195.75,188.03866577148438,9582600
2019-03-01,198.10000610351562,198.89999389648438,195.3000030517578,196.14999389648438,188.4228973388672,6512004
2019-03-05,195.0,199.4499969482422,194.5,198.75,190.92047119140625,7354264
2019-03-06,200.0,203.9499969482422,199.64999389648438,202.75,194.7628936767578,13683897
2019-03-07,203.75,203.75,199.89999389648438,200.60000610351562,192.69761657714844,5533457
2019-03-08,197.0,197.60000610351562,193.60000610351562,195.5500030517578,187.84654235839844,10050458
2019-03-11,197.0,202.0,196.10000610351562,201.0500030517578,193.12986755371094,5446100
2019-03-12,203.0,206.89999389648438,202.10000610351562,203.39999389648438,195.3872833251953,10988099
2019-03-13,204.0,205.3000030517578,200.6999969482422,202.3000030517578,194.33062744140625,4971396
2019-03-14,202.35000610351562,204.60000610351562,199.75,200.75,192.84169006347656,5106833
2019-03-15,201.5,202.5500030517578,197.25,199.0500030517578,191.20864868164062,7489589
2019-03-18,200.6999969482422,201.0,197.5,199.3000030517578,191.4488067626953,3663166
2019-03-19,200.0,204.25,199.4499969482422,202.35000610351562,194.37864685058594,6097075
2019-03-20,203.0,207.9499969482422,203.0,207.14999389648438,198.9895477294922,8788334
2019-03-22,208.10000610351562,211.5500030517578,206.0500030517578,209.10000610351562,200.8627471923828,11359037
2019-03-25,206.5,206.5,201.89999389648438,205.4499969482422,197.35653686523438,7451785
2019-03-26,205.5500030517578,209.35000610351562,204.60000610351562,208.5,200.28639221191406,5069088
2019-03-27,209.0500030517578,210.85000610351562,206.6999969482422,207.64999389648438,199.46986389160156,5731820
2019-03-28,206.9499969482422,208.3000030517578,201.5500030517578,202.35000610351562,194.37864685058594,8924025
2019-04-01,208.5500030517578,218.75,208.5500030517578,215.89999389648438,207.39483642578125,18454840
2019-04-02,216.25,218.3000030517578,213.1999969482422,216.9499969482422,208.40350341796875,8273747
2019-04-03,217.0500030517578,219.10000610351562,214.10000610351562,215.9499969482422,207.44290161132812,4910619
2019-04-04,215.4499969482422,215.4499969482422,210.0,210.4499969482422,202.15956115722656,7739096
2019-04-05,210.5,216.8000030517578,209.75,215.39999389648438,206.91456604003906,7965595
2019-04-08,216.6999969482422,217.8000030517578,213.0500030517578,214.4499969482422,206.00198364257812,5032285
2019-04-09,214.4499969482422,217.85000610351562,211.60000610351562,217.14999389648438,208.59561157226562,3937427
2019-04-10,214.5,216.75,209.64999389648438,211.6999969482422,203.36032104492188,13323115
2019-04-11,211.0,212.5500030517578,209.6999969482422,211.3000030517578,202.97607421875,5920717
2019-04-12,211.3000030517578,212.0,208.0,209.75,201.48715209960938,5530088
2019-04-15,210.0,214.75,210.0,212.75,204.36895751953125,4965812
2019-04-16,214.0,217.89999389648438,213.14999389648438,214.9499969482422,206.48228454589844,6750812
2019-04-18,216.14999389648438,216.14999389648438,206.25,207.1999969482422,199.03758239746094,7237958
2019-04-22,207.3000030517578,207.8000030517578,199.60000610351562,200.39999389648438,192.50546264648438,9367081
2019-04-23,200.0,202.85000610351562,198.75,200.35000610351562,192.4574432373047,4352433
2019-04-24,200.39999389648438,201.39999389648438,197.1999969482422,200.6999969482422,192.79367065429688,6364227
2019-04-25,200.85000610351562,202.64999389648438,195.75,196.5500030517578,188.80714416503906,6735299
2019-04-26,197.8000030517578,201.89999389648438,196.5,201.14999389648438,193.22592163085938,7452786
2019-04-30,202.0,206.60000610351562,199.0500030517578,206.0500030517578,197.93289184570312,8879385
2019-05-02,204.25,207.64999389648438,201.60000610351562,204.6999969482422,196.6360626220703,7948283
2019-05-03,206.0,206.0,202.64999389648438,205.10000610351562,197.02032470703125,5320008
2019-05-06,197.0,200.9499969482422,196.8000030517578,198.89999389648438,191.06455993652344,8845838
2019-05-07,199.1999969482422,204.25,199.1999969482422,200.4499969482422,192.5535125732422,9042640
2019-05-08,200.0,202.89999389648438,196.64999389648438,200.0,192.12123107910156,7883819
2019-05-09,201.6999969482422,201.89999389648438,196.25,198.14999389648438,190.34410095214844,10482577
2019-05-10,199.10000610351562,201.0500030517578,193.60000610351562,195.8000030517578,188.08668518066406,8821650
2019-05-13,194.89999389648438,194.89999389648438,191.39999389648438,192.1999969482422,184.62850952148438,6979614
2019-05-14,191.0,193.9499969482422,188.0,192.9499969482422,185.3489532470703,8451501
2019-05-15,192.9499969482422,196.0,189.64999389648438,190.64999389648438,183.1395721435547,6684736
2019-05-16,191.25,195.89999389648438,190.0,194.60000610351562,186.9339599609375,10526494
2019-05-17,192.0,192.8000030517578,187.25,191.6999969482422,184.14820861816406,13564609
2019-05-20,194.5,199.6999969482422,193.75,198.75,190.92047119140625,5411945
2019-05-21,199.75,200.0,193.1999969482422,196.0,188.27880859375,5194195
2019-05-22,196.0,199.35000610351562,195.0,198.0,190.20001220703125,5592495
2019-05-23,201.0,201.0,190.85000610351562,191.75,184.1962432861328,7476261
2019-05-24,193.0,196.4499969482422,190.0,195.8000030517578,188.08668518066406,6326402
2019-05-27,196.0,201.85000610351562,195.3000030517578,200.60000610351562,192.69761657714844,4498005
2019-05-28,200.60000610351562,207.14999389648438,200.60000610351562,201.85000610351562,193.89837646484375,12223332
2019-05-29,201.0,201.0,197.25,199.3000030517578,191.4488067626953,5123395
2019-05-30,199.10000610351562,200.8000030517578,196.3000030517578,198.5500030517578,190.72836303710938,7039964
2019-05-31,199.0500030517578,199.6999969482422,195.1999969482422,197.0,189.23941040039062,8803541
2019-06-03,197.0,200.39999389648438,194.39999389648438,199.39999389648438,191.5448455810547,5305570
2019-06-04,198.85000610351562,200.5,196.85000610351562,197.8000030517578,190.00790405273438,4728557
2019-06-06,197.8000030517578,198.4499969482422,193.6999969482422,194.85000610351562,187.1741180419922,6628617
2019-06-07,194.85000610351562,196.64999389648438,193.39999389648438,194.8000030517578,187.1260528564453,3812625
2019-06-10,196.8000030517578,198.60000610351562,195.0,198.25,190.44015502929688,3880878
2019-06-11,198.89999389648438,200.89999389648438,195.64999389648438,199.60000610351562,191.73699951171875,5966155
2019-06-12,198.60000610351562,202.89999389648438,197.14999389648438,199.3000030517578,191.4488067626953,6232564
2019-06-13,198.9499969482422,200.35000610351562,196.6999969482422,199.64999389648438,191.7850341796875,4654391
2019-06-14,198.39999389648438,200.6999969482422,196.8000030517578,198.25,190.44015502929688,3624064
2019-06-17,199.0,199.0,193.0,193.60000610351562,185.97335815429688,5976790
2019-06-18,193.4499969482422,195.3000030517578,189.3000030517578,189.9499969482422,182.46713256835938,8848621
2019-06-19,192.25,196.25,188.39999389648438,190.0500030517578,182.56320190429688,11219284
2019-06-20,190.1999969482422,194.8000030517578,188.10000610351562,194.3000030517578,186.64578247070312,6469404
2019-06-21,193.89999389648438,198.3000030517578,193.14999389648438,197.64999389648438,189.86380004882812,7596593
2019-06-24,197.0,203.25,196.5,198.1999969482422,190.39212036132812,10464941
2019-06-25,196.5,203.89999389648438,194.5,202.5,194.5227508544922,8418631
2019-06-26,201.5,208.9499969482422,201.0500030517578,208.35000610351562,200.1422882080078,6730323
2019-06-27,209.64999389648438,210.39999389648438,205.35000610351562,206.10000610351562,197.98094177246094,8700344
2019-06-28,206.0,207.60000610351562,203.5500030517578,207.0500030517578,198.8935089111328,5454954
2019-07-01,208.10000610351562,210.60000610351562,207.1999969482422,208.89999389648438,200.6706085205078,6353325
2019-07-02,209.0,210.1999969482422,206.0,209.35000610351562,201.1029052734375,3552844
2019-07-03,208.75,210.3000030517578,205.35000610351562,208.6999969482422,200.478515625,5052706
2019-07-04,208.39999389648438,209.5,206.25,206.89999389648438,198.74940490722656,4032487
2019-07-05,206.5500030517578,206.8000030517578,198.0,198.89999389648438,191.06455993652344,8694153
2019-07-08,197.0,200.5,195.0,197.60000610351562,189.81578063964844,6197157
2019-07-09,197.0,199.0,193.10000610351562,197.89999389648438,190.10394287109375,6355556
2019-07-10,196.0,197.39999389648438,192.5,193.64999389648438,186.0213623046875,5239125
2019-07-11,196.5,199.25,194.85000610351562,198.4499969482422,190.63229370117188,4524147
2019-07-12,199.0,201.4499969482422,197.39999389648438,198.85000610351562,191.0165252685547,3535841
2019-07-15,198.5500030517578,201.0,195.8000030517578,200.14999389648438,192.2653045654297,3882644
2019-07-16,199.39999389648438,202.5,197.5,199.10000610351562,191.25668334960938,6833661
2019-07-17,198.89999389648438,204.1999969482422,198.10000610351562,203.4499969482422,195.43531799316406,4790772
2019-07-18,201.89999389648438,202.89999389648438,199.35000610351562,200.5500030517578,192.64956665039062,5174253
2019-07-19,202.0,203.6999969482422,195.0,196.0,188.27880859375,6741873
2019-07-22,195.9499969482422,205.4499969482422,194.8000030517578,202.39999389648438,194.4266815185547,9147466
2019-07-23,202.0500030517578,204.25,200.39999389648438,203.10000610351562,195.09912109375,4637360
2019-07-24,203.0500030517578,203.89999389648438,195.64999389648438,197.25,189.4795684814453,5942539
2019-07-25,197.89999389648438,200.25,195.4499969482422,196.75,188.99925231933594,5720563
2019-07-26,196.75,199.35000610351562,194.75,198.0,190.20001220703125,5373373
2019-07-29,196.35000610351562,198.5,192.39999389648438,193.25,185.6371307373047,6900021
2019-07-30,192.39999389648438,194.8000030517578,188.85000610351562,190.10000610351562,182.61122131347656,6033395
2019-07-31,188.0,191.25,184.8000030517578,190.5500030517578,183.04351806640625,9273653
2019-08-01,189.0,189.25,180.3000030517578,182.75,175.55079650878906,11880072
2019-08-02,179.8000030517578,182.3000030517578,176.35000610351562,180.39999389648438,173.29335021972656,11797603
2019-08-05,178.0,178.0,171.60000610351562,175.75,168.82652282714844,9712978
2019-08-06,173.0,182.60000610351562,173.0,180.6999969482422,173.58151245117188,10421582
2019-08-07,183.0,184.10000610351562,175.8000030517578,176.39999389648438,169.45091247558594,6387281
2019-08-08,177.5,181.8000030517578,175.39999389648438,181.0500030517578,173.91773986816406,6183264
2019-08-09,181.0,184.4499969482422,173.3000030517578,176.1999969482422,169.2587890625,14562944
2019-08-13,175.25,180.3000030517578,173.0,176.25,169.3068389892578,6836149
2019-08-14,176.60000610351562,181.25,176.0,180.60000610351562,174.6747589111328,5965374
2019-08-16,179.10000610351562,181.5,173.6999969482422,179.8000030517578,173.90098571777344,7169006
2019-08-19,180.14999389648438,182.25,177.75,181.14999389648438,175.20669555664062,5179954
2019-08-20,182.0,182.35000610351562,177.8000030517578,179.39999389648438,173.51412963867188,4539348
2019-08-21,178.89999389648438,178.89999389648438,173.25,177.0500030517578,171.24122619628906,6642215
2019-08-22,174.0,179.3000030517578,172.64999389648438,176.5500030517578,170.7576141357422,7128023
2019-08-23,173.60000610351562,181.9499969482422,172.14999389648438,180.25,174.3362274169922,7073375
2019-08-26,182.0500030517578,182.25,171.10000610351562,178.75,172.8854522705078,7974145
2019-08-27,180.0,182.4499969482422,177.6999969482422,181.1999969482422,175.2550506591797,6928021
2019-08-28,181.5,182.0,176.5,178.39999389648438,172.5469207763672,5851491
2019-08-29,176.8000030517578,180.89999389648438,174.89999389648438,179.6999969482422,173.80429077148438,5284552
2019-08-30,182.25,187.0,181.4499969482422,184.4499969482422,178.39842224121094,13905732
2019-09-03,182.5,182.5,177.39999389648438,178.39999389648438,172.5469207763672,4927852
2019-09-04,179.0,182.1999969482422,176.60000610351562,181.64999389648438,175.69029235839844,5129501
2019-09-05,182.25,188.64999389648438,182.25,184.60000610351562,178.5435028076172,5614061
2019-09-06,184.89999389648438,189.6999969482422,182.0,188.39999389648438,182.21884155273438,5570553
2019-09-09,188.5,190.0500030517578,184.75,189.25,183.04095458984375,5014192
2019-09-11,189.10000610351562,194.1999969482422,189.0,193.4499969482422,187.10316467285156,5904788
2019-09-12,193.9499969482422,197.60000610351562,193.60000610351562,197.10000610351562,190.63339233398438,8635479
2019-09-13,196.64999389648438,201.89999389648438,195.1999969482422,200.35000610351562,193.7767791748047,6473051
2019-09-16,198.10000610351562,201.25,197.9499969482422,200.39999389648438,193.8251190185547,5748421
2019-09-17,200.0,202.9499969482422,196.64999389648438,197.9499969482422,191.45550537109375,6911141
2019-09-18,198.39999389648438,200.8000030517578,197.14999389648438,198.0,191.50387573242188,7326216
2019-09-19,198.0,198.89999389648438,193.14999389648438,195.9499969482422,189.5211181640625,4158836
2019-09-20,196.0500030517578,208.1999969482422,194.75,202.14999389648438,195.5177001953125,14594234
2019-09-23,204.5500030517578,206.85000610351562,198.0,200.0,193.43826293945312,7366155
2019-09-24,199.9499969482422,202.35000610351562,196.0500030517578,197.8000030517578,191.31045532226562,5805761
2019-09-25,196.10000610351562,196.60000610351562,188.89999389648438,189.89999389648438,183.66961669921875,7163444
2019-09-26,191.0,196.5,190.25,195.9499969482422,189.5211181640625,8625560
2019-09-27,194.5500030517578,194.9499969482422,189.5,190.6999969482422,184.44338989257812,4392645
2019-09-30,189.39999389648438,191.89999389648438,184.75,191.35000610351562,185.0720672607422,6521755
2019-10-01,191.3000030517578,194.5500030517578,186.75,189.75,183.52455139160156,6163235
2019-10-03,186.5,187.9499969482422,180.0,182.60000610351562,176.60914611816406,13862733
2019-10-04,184.0,185.75,181.5500030517578,182.10000610351562,176.12554931640625,6277398
2019-10-07,182.25,185.14999389648438,181.10000610351562,182.3000030517578,176.31898498535156,4525369
2019-10-09,182.0500030517578,187.14999389648438,180.6999969482422,186.0500030517578,179.9459228515625,4536877
2019-10-10,184.4499969482422,185.9499969482422,181.8000030517578,182.25,176.27061462402344,4351508
2019-10-11,183.5,189.1999969482422,183.3000030517578,187.1999969482422,181.05819702148438,7642682
2019-10-14,189.5,191.0,187.0500030517578,188.6999969482422,182.50900268554688,5222539
2019-10-15,187.89999389648438,195.5500030517578,185.89999389648438,192.5500030517578,186.23269653320312,6691660
2019-10-16,192.5,194.14999389648438,187.14999389648438,187.9499969482422,181.78359985351562,8082988
2019-10-17,185.5,189.75,182.5500030517578,188.8000030517578,182.605712890625,9520625
2019-10-18,187.9499969482422,191.35000610351562,186.64999389648438,187.39999389648438,181.2516326904297,7347790
2019-10-22,186.4499969482422,190.9499969482422,185.0500030517578,185.75,179.65577697753906,6683536
2019-10-23,185.10000610351562,187.60000610351562,184.0,185.10000610351562,179.02711486816406,5610514
2019-10-24,186.25,186.64999389648438,180.6999969482422,181.35000610351562,175.400146484375,6890297
2019-10-25,181.5,183.39999389648438,181.0,181.75,175.78701782226562,5956396
2019-10-27,182.10000610351562,182.89999389648438,181.3000030517578,182.10000610351562,176.12554931640625,365752
2019-10-29,183.39999389648438,188.14999389648438,182.4499969482422,184.3000030517578,178.2533416748047,9687658
2019-10-30,186.8000030517578,189.4499969482422,184.39999389648438,187.1999969482422,181.05819702148438,5978614
2019-10-31,188.14999389648438,190.89999389648438,186.60000610351562,187.89999389648438,181.7352294921875,6501134
2019-11-01,188.0500030517578,194.35000610351562,187.35000610351562,193.75,187.39332580566406,6921052
2019-11-04,195.5,204.10000610351562,195.5,197.9499969482422,191.45550537109375,15421372
2019-11-05,199.0,202.6999969482422,197.35000610351562,198.60000610351562,192.08419799804688,8912298
2019-11-06,199.0,203.64999389648438,197.64999389648438,201.5,194.8890380859375,13028120
2019-11-07,202.89999389648438,207.3000030517578,199.25,205.1999969482422,198.4676513671875,17556268
2019-11-08,205.0500030517578,207.0,203.10000610351562,203.85000610351562,197.16197204589844,10082727
2019-11-11,203.9499969482422,203.9499969482422,199.5,200.14999389648438,193.5833282470703,6851401
2019-11-13,197.0500030517578,201.9499969482422,192.35000610351562,193.14999389648438,186.81300354003906,13457979
2019-11-14,193.35000610351562,193.39999389648438,187.8000030517578,188.5,182.3155517578125,6720055
2019-11-15,188.5,190.14999389648438,187.10000610351562,187.75,181.59017944335938,4558349
2019-11-18,188.5500030517578,194.85000610351562,187.1999969482422,193.60000610351562,187.24822998046875,8873375
2019-11-19,193.60000610351562,194.0,190.64999389648438,192.35000610351562,186.03924560546875,3476640
2019-11-20,193.0,193.85000610351562,190.25,190.75,184.4917449951172,4437118
2019-11-21,190.1999969482422,192.89999389648438,188.0500030517578,188.60000610351562,182.4122772216797,6342754
2019-11-22,188.0,191.3000030517578,187.0500030517578,190.25,184.00814819335938,4635776
2019-11-25,191.5,200.64999389648438,190.35000610351562,199.25,192.71287536621094,16931103
2019-11-26,200.14999389648438,202.89999389648438,197.5500030517578,198.6999969482422,192.180908203125,16163735
2019-11-27,199.39999389648438,203.5,199.39999389648438,203.0,196.33982849121094,7251212
2019-11-28,203.0,205.3000030517578,200.10000610351562,204.10000610351562,197.40374755859375,5421765
2019-11-29,203.0,204.5,196.5500030517578,200.14999389648438,193.5833282470703,10212511
2019-12-02,200.0,202.5500030517578,198.4499969482422,200.8000030517578,194.21202087402344,5195682
2019-12-03,200.10000610351562,200.5,194.60000610351562,196.0,189.56948852539062,5815771
2019-12-04,194.1999969482422,201.75,192.8000030517578,201.10000610351562,194.502197265625,6574810
2019-12-05,199.0500030517578,201.4499969482422,197.25,198.5500030517578,192.03582763671875,4443222
2019-12-06,199.0,200.6999969482422,195.64999389648438,197.9499969482422,191.45550537109375,3819461
2019-12-09,198.64999389648438,202.25,197.10000610351562,198.85000610351562,192.32598876953125,5743160
2019-12-10,198.6999969482422,200.60000610351562,197.6999969482422,199.10000610351562,192.5677947998047,4876818
2019-12-11,200.0,200.0,194.6999969482422,196.60000610351562,190.14979553222656,4757660
2019-12-12,197.3000030517578,204.25,197.3000030517578,201.4499969482422,194.84066772460938,10621630
2019-12-13,207.0,209.0,205.3000030517578,208.25,201.41758728027344,14246993
2019-12-16,210.0,211.64999389648438,206.1999969482422,206.64999389648438,199.8700714111328,8779955
2019-12-17,207.89999389648438,214.8000030517578,206.8000030517578,213.6999969482422,206.68878173828125,16629136
2019-12-18,214.5500030517578,215.5,212.1999969482422,213.64999389648438,206.6404266357422,11721371
2019-12-19,212.39999389648438,217.25,211.14999389648438,216.3000030517578,209.2034912109375,6847801
2019-12-20,216.3000030517578,218.10000610351562,214.8000030517578,215.5,208.4297332763672,8175626
2019-12-23,216.8000030517578,219.35000610351562,213.35000610351562,215.14999389648438,208.09120178222656,10295626
2019-12-24,218.25,218.3000030517578,215.14999389648438,216.25,209.15512084960938,7782646
2019-12-26,216.75,217.60000610351562,214.3000030517578,215.0,207.9461212158203,7436907
2019-12-27,216.10000610351562,217.14999389648438,214.39999389648438,215.4499969482422,208.38136291503906,5252162
2019-12-30,216.3000030517578,219.0,211.14999389648438,217.9499969482422,210.79934692382812,11352906
2019-12-31,217.0,219.39999389648438,215.5,216.14999389648438,209.0583953857422,9432449
2020-01-01,216.14999389648438,217.4499969482422,213.1999969482422,214.3000030517578,207.2690887451172,5085208
2020-01-02,216.0,221.1999969482422,216.0,220.14999389648438,212.92715454101562,15238841
2020-01-03,219.3000030517578,219.9499969482422,216.0500030517578,216.4499969482422,209.3485565185547,8658243
2020-01-06,215.0,215.64999389648438,208.0500030517578,209.3000030517578,202.4331512451172,7798846
2020-01-07,210.5500030517578,213.1999969482422,207.6999969482422,208.85000610351562,201.9979248046875,12767569
2020-01-08,206.0,208.64999389648438,204.5,207.39999389648438,200.59547424316406,12470053
2020-01-09,211.5,211.9499969482422,208.89999389648438,210.75,203.83555603027344,8676205
2020-01-10,212.3000030517578,214.1999969482422,210.1999969482422,211.5,204.56094360351562,7800086
2020-01-13,212.8000030517578,213.0,209.5,211.1999969482422,204.2707977294922,6614653
2020-01-14,212.5,214.75,210.8000030517578,211.9499969482422,204.99618530273438,7981507
2020-01-15,211.10000610351562,215.0,210.0,213.64999389648438,206.6404266357422,9564560
2020-01-16,214.0,214.75,209.0,209.64999389648438,202.77163696289062,6986058
2020-01-17,209.5,212.0,208.14999389648438,210.0500030517578,203.15853881835938,8678002
2020-01-20,210.10000610351562,210.8000030517578,206.75,207.3000030517578,200.49876403808594,3977566
2020-01-21,206.0,208.5,204.64999389648438,205.14999389648438,198.41929626464844,4479791
2020-01-22,205.60000610351562,207.8000030517578,203.0,203.60000610351562,196.92015075683594,6268889
2020-01-23,203.60000610351562,205.35000610351562,202.75,204.60000610351562,197.88734436035156,5560681
2020-01-24,204.5,207.6999969482422,202.25,205.39999389648438,198.6610870361328,5749852
2020-01-27,203.5500030517578,203.5500030517578,197.39999389648438,198.25,191.74566650390625,7942736
2020-01-28,199.39999389648438,199.39999389648438,194.1999969482422,196.0,189.56948852539062,6308211
2020-01-29,197.64999389648438,200.39999389648438,197.10000610351562,197.75,191.26206970214844,8978837
2020-01-30,197.3000030517578,197.75,192.6999969482422,193.4499969482422,187.10316467285156,8588693
2020-01-31,194.8000030517578,195.14999389648438,188.25,189.35000610351562,183.13768005371094,6008376
2020-02-03,183.89999389648438,185.60000610351562,180.3000030517578,181.8000030517578,175.83538818359375,7678833
2020-02-04,183.0,190.35000610351562,183.0,189.25,183.04095458984375,9235507
2020-02-05,190.10000610351562,197.5500030517578,188.3000030517578,196.3000030517578,189.85964965820312,7411014
2020-02-06,196.39999389648438,197.35000610351562,192.64999389648438,194.0,187.63511657714844,7348886
2020-02-07,194.0,198.39999389648438,192.85000610351562,197.39999389648438,190.92355346679688,6977770
2020-02-10,195.89999389648438,196.9499969482422,189.60000610351562,190.85000610351562,184.5884552001953,5385023
2020-02-11,192.39999389648438,196.9499969482422,192.0,193.64999389648438,187.29660034179688,7530810
2020-02-12,194.25,196.39999389648438,191.1999969482422,193.64999389648438,187.29660034179688,10581151
2020-02-13,194.6999969482422,197.0,192.39999389648438,195.25,188.84408569335938,6711481
2020-02-14,195.5,197.0,193.4499969482422,194.0,187.63511657714844,3798528
2020-02-17,194.0,194.6999969482422,189.75,190.25,184.00814819335938,3484321
2020-02-18,189.14999389648438,189.4499969482422,181.75,184.35000610351562,178.30172729492188,8152961
2020-02-19,186.0,188.60000610351562,184.39999389648438,188.10000610351562,181.92869567871094,4317249
2020-02-20,187.8000030517578,191.0,185.39999389648438,189.9499969482422,183.7179718017578,6207445
2020-02-24,186.89999389648438,186.89999389648438,177.89999389648438,179.0500030517578,173.1756134033203,14690243
2020-02-25,181.0,181.4499969482422,174.0500030517578,174.4499969482422,168.7265167236328,10694830
2020-02-26,172.9499969482422,173.1999969482422,167.75,169.89999389648438,164.32579040527344,16855158
2020-02-27,169.9499969482422,170.3000030517578,166.14999389648438,168.35000610351562,162.82666015625,7657497
2020-02-28,162.0,162.1999969482422,154.10000610351562,155.89999389648438,150.78512573242188,14033411
2020-03-02,160.5500030517578,161.4499969482422,146.85000610351562,149.75,144.83689880371094,11441351
2020-03-03,152.10000610351562,160.4499969482422,150.8000030517578,159.3000030517578,154.07357788085938,21836942
2020-03-04,160.0,161.6999969482422,156.89999389648438,160.60000610351562,155.33091735839844,12074078
2020-03-05,162.6999969482422,167.89999389648438,154.85000610351562,155.5,150.3982391357422,12338386
2020-03-06,148.9499969482422,151.4499969482422,140.0,150.10000610351562,145.1754150390625,11173720
2020-03-09,143.89999389648438,145.8000030517578,140.3000030517578,143.4499969482422,138.74359130859375,10550403
2020-03-11,142.0,142.35000610351562,137.10000610351562,137.8000030517578,133.27896118164062,9682790
2020-03-12,130.0,130.0,118.1500015258789,120.19999694824219,116.25639343261719,15926851
2020-03-13,113.9000015258789,130.0,103.0999984741211,127.44999694824219,123.26852416992188,15365436
2020-03-16,120.80000305175781,129.0500030517578,114.44999694824219,115.6500015258789,111.85566711425781,20577663
2020-03-17,117.0,120.8499984741211,113.8499984741211,115.4000015258789,111.6138687133789,11615932
2020-03-18,119.0,119.0,108.1500015258789,109.19999694824219,105.6172866821289,12105333
2020-03-19,103.0,107.9000015258789,97.55000305175781,99.75,96.47732543945312,11569487
2020-03-20,101.19999694824219,107.69999694824219,98.69999694824219,105.5,102.03868865966797,13928853
2020-03-23,94.94999694824219,99.94999694824219,84.9000015258789,87.9000015258789,85.01612091064453,14591356
2020-03-24,89.05000305175781,94.80000305175781,85.0,88.75,85.83821868896484,16845493
2020-03-25,88.94999694824219,97.19999694824219,88.05000305175781,94.55000305175781,91.44794464111328,7876385
2020-03-26,97.5,97.5999984741211,92.25,94.55000305175781,91.44794464111328,11013083
2020-03-27,97.5,99.30000305175781,90.30000305175781,91.55000305175781,88.5463638305664,9158997
2020-03-30,88.0999984741211,91.44999694824219,86.55000305175781,88.80000305175781,85.88660430908203,9970397
2020-03-31,91.94999694824219,97.25,91.0,95.69999694824219,92.5602035522461,15557731
2020-04-01,94.94999694824219,95.4000015258789,91.0,91.6500015258789,88.64308166503906,9270755
2020-04-03,92.0999984741211,93.44999694824219,88.4000015258789,88.80000305175781,85.88660430908203,8216768
2020-04-07,92.1500015258789,106.55000305175781,90.0,103.94999694824219,100.53954315185547,23639659
2020-04-08,99.5,111.80000305175781,98.9000015258789,100.8499984741211,97.54124450683594,24227474
2020-04-09,105.0,109.0,101.8499984741211,107.55000305175781,104.02143096923828,14943427
2020-04-13,109.0,114.3499984741211,105.0999984741211,113.80000305175781,110.06636810302734,23259069
2020-04-15,120.0,124.0,113.80000305175781,115.0999984741211,111.32372283935547,45561393
2020-04-16,118.9000015258789,121.9000015258789,114.44999694824219,120.55000305175781,116.59490966796875,18971910
2020-04-17,124.0,125.69999694824219,119.0999984741211,124.1500015258789,120.07679748535156,14577288
2020-04-20,125.0,125.1500015258789,115.75,116.44999694824219,112.6294174194336,18342210
2020-04-21,113.6500015258789,113.69999694824219,105.80000305175781,107.0999984741211,103.58619689941406,22935311
2020-04-22,106.5,108.75,102.75,108.30000305175781,104.746826171875,14419829
2020-04-23,109.0,113.30000305175781,108.3499984741211,111.25,107.60002899169922,16545796
2020-04-24,109.94999694824219,109.94999694824219,102.8499984741211,103.6500015258789,100.24938201904297,16901936
2020-04-27,106.4000015258789,109.69999694824219,105.30000305175781,108.19999694824219,104.65009307861328,18657007
2020-04-28,109.19999694824219,110.6500015258789,106.69999694824219,108.75,105.18205261230469,13489808
2020-04-29,109.0,117.6500015258789,108.30000305175781,116.30000305175781,112.48434448242188,35702215
2020-04-30,120.0,132.1999969482422,119.5,130.1999969482422,125.92829132080078,45993216
2020-05-04,121.4000015258789,123.0,114.5999984741211,115.9000015258789,112.09748077392578,22496677
2020-05-05,120.0,120.75,115.0,115.9000015258789,112.09748077392578,19405341
2020-05-06,116.0,120.69999694824219,115.5,118.5999984741211,114.7088851928711,15993752
2020-05-07,117.0,122.0,116.69999694824219,117.6500015258789,113.7900619506836,16729796
2020-05-08,122.9000015258789,123.0,115.8499984741211,117.0999984741211,113.25810241699219,21602930
2020-05-11,118.94999694824219,121.4000015258789,117.55000305175781,119.75,115.8211669921875,13916698
2020-05-12,118.9000015258789,122.25,116.4000015258789,121.0999984741211,117.12686920166016,13673363
2020-05-13,125.5,126.94999694824219,121.5999984741211,123.55000305175781,119.49649047851562,13922270
2020-05-14,119.0,120.9000015258789,117.0,117.19999694824219,113.35482025146484,12778232
2020-05-15,118.4000015258789,120.9000015258789,117.4000015258789,119.25,115.33756256103516,12509914
2020-05-18,120.55000305175781,121.0,114.30000305175781,115.3499984741211,111.56551361083984,14500038
2020-05-19,117.75,120.4000015258789,116.55000305175781,117.30000305175781,113.45154571533203,15916351
2020-05-20,117.30000305175781,121.94999694824219,116.25,120.80000305175781,116.83671569824219,8718400
2020-05-21,121.4000015258789,130.75,120.6500015258789,129.5,125.25127410888672,34325670
2020-05-22,126.5,126.5,123.5999984741211,124.8499984741211,120.75383758544922,17058546
2020-05-26,125.55000305175781,130.4499969482422,125.5,129.10000610351562,124.86441040039062,18786655
2020-05-27,130.39999389648438,134.8000030517578,130.0,133.3000030517578,128.92660522460938,32423355
2020-05-28,134.39999389648438,139.39999389648438,133.60000610351562,138.39999389648438,133.85928344726562,21951352
2020-05-29,135.9499969482422,141.14999389648438,134.60000610351562,138.85000610351562,134.29452514648438,19390589
2020-06-01,141.89999389648438,145.4499969482422,138.5500030517578,139.14999389648438,134.5846710205078,14504755
2020-06-02,140.89999389648438,143.5,138.85000610351562,141.14999389648438,136.51905822753906,12836264
2020-06-03,142.89999389648438,146.8000030517578,142.3000030517578,143.35000610351562,138.64686584472656,12470626
2020-06-04,143.3000030517578,144.64999389648438,138.35000610351562,142.64999389648438,137.96981811523438,11358214
2020-06-05,143.8000030517578,151.0,143.39999389648438,149.25,144.35330200195312,21825018
2020-06-08,155.0,155.85000610351562,145.5,146.35000610351562,141.54844665527344,16211802
2020-06-09,148.0,150.35000610351562,141.1999969482422,142.60000610351562,137.92149353027344,19223606
2020-06-10,143.89999389648438,148.0,141.8000030517578,146.9499969482422,142.12875366210938,17278002
2020-06-11,145.89999389648438,147.4499969482422,142.4499969482422,144.39999389648438,139.66241455078125,12532780
2020-06-12,138.0,146.85000610351562,136.1999969482422,146.0500030517578,141.25828552246094,15804914
2020-06-15,149.0500030517578,152.35000610351562,143.75,145.8000030517578,141.01649475097656,34911162
2020-06-16,149.89999389648438,154.60000610351562,146.89999389648438,150.10000610351562,145.1754150390625,28477417
2020-06-17,149.6999969482422,152.10000610351562,147.1999969482422,148.0,143.14430236816406,13573256
2020-06-18,148.4499969482422,151.39999389648438,147.3000030517578,150.8000030517578,145.85244750976562,9854686
2020-06-19,152.35000610351562,152.35000610351562,148.5,151.0500030517578,146.09425354003906,14631215
2020-06-22,150.89999389648438,151.4499969482422,149.0,150.10000610351562,145.1754150390625,8037341
2020-06-23,152.89999389648438,159.5,150.60000610351562,158.35000610351562,153.15475463867188,22570926
2020-06-24,159.39999389648438,160.10000610351562,150.4499969482422,151.39999389648438,146.4327392578125,15907046
2020-06-25,149.0,152.3000030517578,144.60000610351562,146.60000610351562,141.79026794433594,18500612
2020-06-26,149.0,152.0,148.1999969482422,151.0500030517578,146.09425354003906,12107599
2020-06-29,149.4499969482422,149.4499969482422,143.3000030517578,145.85000610351562,141.0648651123047,13110757
2020-06-30,148.0,151.60000610351562,145.1999969482422,146.1999969482422,141.40335083007812,14655358
2020-07-01,147.5,148.85000610351562,144.5,147.5500030517578,142.70907592773438,8255166
2020-07-02,148.89999389648438,150.3000030517578,146.75,147.75,142.9025115966797,9519798
2020-07-03,148.60000610351562,149.4499969482422,144.5500030517578,146.39999389648438,141.5968017578125,10780269
2020-07-06,147.8000030517578,155.14999389648438,147.10000610351562,154.35000610351562,149.28598022460938,24254504
2020-07-07,155.0,156.89999389648438,151.8000030517578,152.3000030517578,147.30323791503906,13160047
2020-07-08,152.75,158.0,152.39999389648438,155.0,149.91464233398438,18306575
2020-07-09,157.0,166.4499969482422,156.89999389648438,164.8000030517578,159.3931427001953,45180719
2020-07-10,163.6999969482422,164.5,160.35000610351562,163.6999969482422,158.32920837402344,16256492
2020-07-13,165.3000030517578,170.5,164.10000610351562,169.25,163.69712829589844,21894776
2020-07-14,167.6999969482422,168.6999969482422,161.9499969482422,163.8000030517578,158.42591857910156,16396492
2020-07-15,166.35000610351562,168.5,164.5,165.39999389648438,159.9734344482422,11233286
2020-07-16,164.89999389648438,166.8000030517578,161.0500030517578,166.0500030517578,160.6021270751953,12766387
2020-07-17,166.5,169.10000610351562,161.14999389648438,162.14999389648438,156.83006286621094,14372019
2020-07-20,162.1999969482422,162.9499969482422,159.64999389648438,160.89999389648438,155.62107849121094,14067880
2020-07-21,162.85000610351562,163.0,157.5500030517578,160.0,154.75059509277344,13098754
2020-07-22,160.5500030517578,163.89999389648438,157.39999389648438,159.89999389648438,154.65386962890625,17455691
2020-07-23,160.6999969482422,162.4499969482422,159.6999969482422,162.0,156.6849822998047,8258361
2020-07-24,159.9499969482422,160.9499969482422,154.3000030517578,156.1999969482422,151.0752716064453,15793319
2020-07-27,157.0,159.8000030517578,154.60000610351562,158.1999969482422,153.0096435546875,12745516
2020-07-28,158.5500030517578,165.25,158.5500030517578,164.6999969482422,159.29638671875,15539141
2020-07-29,164.3000030517578,168.5,163.3000030517578,164.0500030517578,158.66773986816406,15845599
2020-07-30,164.9499969482422,165.6999969482422,160.0,162.0,156.6849822998047,8980592
2020-07-31,161.89999389648438,164.5,159.60000610351562,163.10000610351562,157.7489013671875,9872721
2020-08-03,163.10000610351562,167.5,160.75,161.35000610351562,156.0563201904297,16525131
2020-08-04,162.0,164.60000610351562,160.75,162.35000610351562,157.0235137939453,13653194
2020-08-05,163.89999389648438,177.39999389648438,163.5,175.75,169.98387145996094,47894708
2020-08-06,178.0,178.89999389648438,174.1999969482422,178.0,172.1600341796875,23198186
2020-08-07,176.4499969482422,179.0,175.35000610351562,177.60000610351562,171.77320861816406,10117475
2020-08-10,176.89999389648438,179.0,174.39999389648438,178.60000610351562,172.7403564453125,9378730
2020-08-11,180.0,186.60000610351562,178.0,178.9499969482422,173.07887268066406,30405569
2020-08-12,177.35000610351562,177.35000610351562,172.6999969482422,175.8000030517578,170.03224182128906,17437072
2020-08-13,178.0,184.60000610351562,178.0,183.5500030517578,177.5279541015625,26526442
2020-08-14,184.35000610351562,189.4499969482422,180.60000610351562,184.9499969482422,178.88201904296875,28520464
2020-08-17,185.14999389648438,193.4499969482422,184.25,192.5500030517578,186.23269653320312,25968766
2020-08-18,193.1999969482422,197.25,192.0500030517578,196.0,189.56948852539062,20401535
2020-08-19,196.85000610351562,197.64999389648438,194.3000030517578,196.8000030517578,190.34324645996094,16328384
2020-08-20,193.0500030517578,202.35000610351562,192.4499969482422,199.0,192.47108459472656,28491717
2020-08-21,201.75,203.14999389648438,195.35000610351562,196.25,189.81129455566406,18332315
2020-08-24,197.4499969482422,197.8000030517578,192.4499969482422,193.3000030517578,186.9580841064453,10628826
2020-08-25,195.39999389648438,196.39999389648438,190.0500030517578,191.3000030517578,185.02369689941406,13439855
2020-08-26,192.0,195.0,191.25,193.5,187.15150451660156,8427317
2020-08-27,193.5,195.64999389648438,192.60000610351562,194.89999389648438,188.50559997558594,7659778
2020-08-28,195.10000610351562,196.14999389648438,193.0,193.8000030517578,187.44168090820312,8153155
2020-08-31,195.0,197.0,184.25,185.25,179.17218017578125,17662183
2020-09-01,185.1999969482422,195.4499969482422,185.0,194.0500030517578,187.6834716796875,24334797
2020-09-02,194.0,196.89999389648438,192.5500030517578,196.1999969482422,189.762939453125,11183054
2020-09-03,196.14999389648438,196.14999389648438,191.5500030517578,192.0,186.65206909179688,11310236
2020-09-04,188.0500030517578,194.0,184.85000610351562,188.3000030517578,183.0551300048828,16804686
2020-09-07,188.3000030517578,191.5,186.60000610351562,187.5,182.27743530273438,6839463
2020-09-08,188.1999969482422,188.1999969482422,179.5500030517578,180.25,175.22933959960938,9202151
2020-09-09,177.35000610351562,183.8000030517578,171.75,182.8000030517578,177.7083282470703,22609497
2020-09-10,185.0,185.3000030517578,173.35000610351562,176.64999389648438,171.7296142578125,19154786
2020-09-11,178.6999969482422,180.0,174.8000030517578,178.64999389648438,173.6739044189453,15780805
2020-09-14,179.0,180.5,174.60000610351562,175.8000030517578,170.9033203125,11605907
2020-09-15,177.39999389648438,179.35000610351562,174.5,176.75,171.82684326171875,10726507
2020-09-16,177.10000610351562,184.60000610351562,175.4499969482422,183.8000030517578,178.68048095703125,14453126
2020-09-17,182.6999969482422,182.6999969482422,175.35000610351562,175.85000610351562,170.951904296875,18642039
2020-09-18,177.4499969482422,182.1999969482422,176.5500030517578,179.5,174.500244140625,28529202
2020-09-21,179.39999389648438,180.6999969482422,163.10000610351562,167.14999389648438,162.49423217773438,26161690
2020-09-22,168.0,168.9499969482422,160.8000030517578,163.4499969482422,158.8972930908203,18465421
2020-09-23,165.5,167.4499969482422,162.3000030517578,165.4499969482422,160.8415985107422,17256291
2020-09-24,158.0,162.3000030517578,154.39999389648438,159.10000610351562,154.66847229003906,19292629
2020-09-25,161.9499969482422,164.85000610351562,157.64999389648438,162.0500030517578,157.5363006591797,20236970
2020-09-28,163.9499969482422,168.6999969482422,162.10000610351562,167.6999969482422,163.02891540527344,12412713
2020-09-29,169.4499969482422,177.3000030517578,168.10000610351562,176.39999389648438,171.48658752441406,36624865
2020-09-30,177.5,177.6999969482422,172.6999969482422,175.25,170.36862182617188,15625518
2020-10-01,177.1999969482422,179.25,173.5,174.10000610351562,169.2506561279297,12663078
2020-10-05,175.0,179.89999389648438,172.8000030517578,179.0500030517578,174.0627899169922,13647813
2020-10-06,180.60000610351562,182.39999389648438,175.60000610351562,176.89999389648438,171.97265625,13192286
2020-10-07,176.89999389648438,177.9499969482422,170.8000030517578,172.85000610351562,168.0354766845703,11851388
2020-10-08,172.85000610351562,176.4499969482422,171.5500030517578,174.25,169.39646911621094,11214012
2020-10-09,177.0,181.4499969482422,169.25,170.0,165.2648468017578,30474092
2020-10-12,174.0,175.0,169.6999969482422,172.14999389648438,167.35496520996094,16792391
2020-10-13,170.4499969482422,174.89999389648438,169.75,173.25,168.42433166503906,9712302
2020-10-14,173.0,175.0,171.0500030517578,174.1999969482422,169.34786987304688,10703596
2020-10-15,174.89999389648438,178.25,171.6999969482422,173.64999389648438,168.81317138671875,19813786
2020-10-16,174.10000610351562,180.5500030517578,172.35000610351562,179.8000030517578,174.79188537597656,15546394
2020-10-19,181.0,183.85000610351562,177.6999969482422,182.6999969482422,177.61111450195312,17095601
2020-10-20,181.8000030517578,183.14999389648438,179.3000030517578,180.8000030517578,175.7640380859375,10427991
2020-10-21,181.10000610351562,187.5,181.0,185.9499969482422,180.7705841064453,24286914
2020-10-22,184.89999389648438,187.6999969482422,182.10000610351562,184.4499969482422,179.31234741210938,17453750
2020-10-23,185.60000610351562,186.60000610351562,181.64999389648438,182.25,177.17364501953125,9732876
2020-10-26,182.3000030517578,182.89999389648438,169.60000610351562,172.39999389648438,167.59799194335938,15615702
2020-10-27,172.89999389648438,175.39999389648438,171.0500030517578,174.4499969482422,169.59091186523438,15437539
2020-10-28,174.4499969482422,177.10000610351562,169.25,170.4499969482422,165.7023162841797,14425414
2020-10-29,168.5,170.5,165.3000030517578,167.89999389648438,163.2233428955078,12266096
2020-10-30,168.1999969482422,171.9499969482422,166.89999389648438,170.64999389648438,165.89674377441406,12957793
2020-11-02,171.5,172.5,167.64999389648438,170.75,165.9939727783203,11083051
2020-11-03,172.4499969482422,180.39999389648438,171.85000610351562,179.75,174.74327087402344,22507173
2020-11-04,177.0,181.1999969482422,174.10000610351562,176.5,171.58380126953125,11618409
2020-11-05,178.89999389648438,187.9499969482422,178.10000610351562,187.35000610351562,182.13157653808594,23733769
2020-11-06,186.0,190.35000610351562,185.39999389648438,188.14999389648438,182.9093017578125,14037270
2020-11-09,189.85000610351562,195.75,189.3000030517578,194.6999969482422,189.27685546875,14673743
2020-11-10,198.0500030517578,200.64999389648438,190.10000610351562,192.35000610351562,186.99232482910156,23544708
2020-11-11,192.5,208.25,192.10000610351562,204.0500030517578,198.36642456054688,42959437
2020-11-12,205.0500030517578,211.39999389648438,204.25,208.60000610351562,202.78970336914062,40805593
2020-11-13,206.0,211.0500030517578,204.3000030517578,210.5500030517578,204.6853790283203,15133046
2020-11-14,212.0,212.5,207.0500030517578,209.3000030517578,203.47021484375,1794824
2020-11-17,210.3000030517578,216.0,210.10000610351562,213.5500030517578,207.60182189941406,22284208
2020-11-18,212.4499969482422,220.25,210.5500030517578,219.35000610351562,213.24026489257812,16606283
2020-11-19,217.4499969482422,227.25,212.6999969482422,213.85000610351562,207.89346313476562,28576299
2020-11-20,214.5500030517578,220.0,212.10000610351562,215.5500030517578,209.54611206054688,17773062
2020-11-23,217.0,221.9499969482422,215.5500030517578,218.0500030517578,211.9764862060547,22567883
2020-11-24,220.0,227.25,218.60000610351562,226.0,219.7050323486328,18538052
2020-11-25,226.0,230.0,222.0,223.4499969482422,217.22607421875,18591189
2020-11-26,224.1999969482422,231.25,220.35000610351562,229.89999389648438,223.49639892578125,16363181
2020-11-27,230.0,230.60000610351562,220.5500030517578,226.35000610351562,220.04530334472656,42583153
2020-12-01,230.8000030517578,231.5,222.5,229.3000030517578,222.91311645507812,16869243
2020-12-02,229.35000610351562,236.89999389648438,228.5500030517578,231.85000610351562,225.39210510253906,20100114
2020-12-03,234.60000610351562,243.14999389648438,233.10000610351562,242.0,235.25938415527344,28072333
2020-12-04,244.5500030517578,255.9499969482422,243.0,252.6999969482422,245.66134643554688,41978766
2020-12-07,252.3000030517578,253.9499969482422,248.5,251.25,244.25172424316406,17202162
2020-12-08,251.85000610351562,253.0,244.4499969482422,245.6999969482422,238.85630798339844,14240101
2020-12-09,246.5,248.0500030517578,239.9499969482422,241.0,234.2872314453125,14737004
2020-12-10,239.8000030517578,245.5,238.0,242.6999969482422,235.93988037109375,19673032
2020-12-11,244.25,248.0,240.9499969482422,243.64999389648438,236.8634033203125,12610389
2020-12-14,245.9499969482422,248.14999389648438,244.0500030517578,246.35000610351562,239.48822021484375,10448747
2020-12-15,245.60000610351562,246.0,242.60000610351562,244.5500030517578,237.73834228515625,15446054
2020-12-16,248.0,252.14999389648438,245.89999389648438,251.4499969482422,244.44615173339844,19222530
2020-12-17,251.89999389648438,254.89999389648438,244.4499969482422,245.85000610351562,239.0021514892578,13711470
2020-12-18,246.6999969482422,251.39999389648438,245.1999969482422,249.89999389648438,242.93931579589844,18866376
2020-12-21,246.0,249.75,228.64999389648438,232.3000030517578,225.82955932617188,16278713
2020-12-22,233.89999389648438,239.25,227.0,231.89999389648438,225.44068908691406,18337596
2020-12-23,231.35000610351562,237.89999389648438,227.5,236.1999969482422,229.6209259033203,13095413
2020-12-24,237.89999389648438,244.64999389648438,236.10000610351562,236.9499969482422,230.3500213623047,14541771
2020-12-28,239.14999389648438,241.14999389648438,237.6999969482422,239.89999389648438,233.21786499023438,8213627
2020-12-29,241.89999389648438,242.0,234.3000030517578,235.60000610351562,229.0376434326172,9405315
2020-12-30,236.39999389648438,239.14999389648438,232.64999389648438,237.39999389648438,230.78749084472656,8480116
2020-12-31,236.39999389648438,241.89999389648438,234.6999969482422,240.5500030517578,233.84976196289062,10380624
2021-01-01,239.0,240.0,237.60000610351562,238.35000610351562,231.7110595703125,5091899
2021-01-04,240.89999389648438,258.0,239.5500030517578,254.3000030517578,247.21678161621094,24902369
2021-01-05,251.10000610351562,252.75,247.0,250.3000030517578,243.32818603515625,12297457
2021-01-06,250.75,260.0,247.75,259.04998779296875,251.83445739746094,18029077
2021-01-07,261.45001220703125,275.3999938964844,261.0,272.8999938964844,265.2986755371094,32739259
2021-01-08,273.95001220703125,274.45001220703125,265.1499938964844,268.20001220703125,260.7295837402344,20606695
2021-01-11,267.6000061035156,269.3999938964844,258.0,264.70001220703125,257.3271179199219,13163440
2021-01-12,260.45001220703125,270.5,260.45001220703125,264.3500061035156,256.98687744140625,13136084
2021-01-13,265.5,268.3999938964844,258.8500061035156,262.6499938964844,255.33416748046875,13300126
2021-01-14,262.70001220703125,265.1000061035156,259.54998779296875,261.3999938964844,254.11898803710938,7601547
2021-01-15,262.0,263.29998779296875,251.10000610351562,253.35000610351562,246.29324340820312,17738049
2021-01-18,252.3000030517578,254.25,240.60000610351562,243.14999389648438,236.37733459472656,17989695
2021-01-19,246.5,252.64999389648438,243.35000610351562,251.5500030517578,244.5433807373047,10254337
2021-01-20,251.60000610351562,253.64999389648438,248.60000610351562,252.10000610351562,245.07806396484375,11090894
2021-01-21,252.85000610351562,254.5500030517578,246.4499969482422,248.89999389648438,241.96717834472656,8781513
2021-01-22,247.25,249.8000030517578,235.5500030517578,239.1999969482422,232.537353515625,16005359
2021-01-25,240.6999969482422,243.89999389648438,233.60000610351562,240.3000030517578,233.60675048828125,8297942
2021-01-27,240.0,240.0500030517578,229.75,231.39999389648438,224.95462036132812,14139166
2021-01-28,225.0,232.10000610351562,224.5500030517578,229.0500030517578,222.6700897216797,13756664
2021-01-29,230.10000610351562,234.3000030517578,225.0,226.3000030517578,219.99668884277344,14992241
2021-02-01,227.35000610351562,243.9499969482422,226.5500030517578,241.14999389648438,234.4330291748047,12417894
2021-02-02,244.1999969482422,257.3999938964844,243.89999389648438,255.35000610351562,248.23753356933594,18251184
2021-02-03,254.0,263.3999938964844,252.5500030517578,257.25,250.0845947265625,15670948
2021-02-04,259.95001220703125,267.3999938964844,258.95001220703125,261.8500061035156,254.55648803710938,21296401
2021-02-05,264.0,266.0,255.89999389648438,262.04998779296875,254.7509002685547,12833374
2021-02-08,264.0,280.54998779296875,263.54998779296875,278.95001220703125,271.18017578125,27556901
2021-02-09,278.54998779296875,285.8999938964844,275.6499938964844,278.04998779296875,270.3052673339844,22066741
2021-02-10,281.0,283.3500061035156,274.70001220703125,279.3999938964844,271.61761474609375,16789592
2021-02-11,280.79998779296875,297.3500061035156,279.8500061035156,295.3999938964844,287.17193603515625,47356292
2021-02-12,297.0,297.25,286.5,290.79998779296875,282.7000732421875,15454237
2021-02-15,292.5,296.04998779296875,289.0,291.3999938964844,283.2834167480469,8041775
2021-02-16,293.54998779296875,307.3500061035156,293.0,302.70001220703125,294.2686462402344,27519511
2021-02-17,302.70001220703125,308.5,301.0,303.8999938964844,295.4352111816406,18221106
2021-02-18,306.04998779296875,312.6000061035156,305.0,309.8999938964844,301.2680969238281,16202053
2021-02-19,308.0,313.3500061035156,302.25,308.0,299.4210510253906,17410357
2021-02-22,310.0,328.0,310.0,316.1000061035156,307.2953796386719,45975603
2021-02-23,321.95001220703125,338.1499938964844,316.6499938964844,333.04998779296875,323.77325439453125,50677230
2021-02-24,334.20001220703125,337.5,328.0,332.79998779296875,323.5302734375,14777374
2021-02-25,337.6000061035156,354.6000061035156,337.0,350.70001220703125,340.93170166015625,35967464
2021-02-26,343.0,349.6499938964844,334.75,340.25,330.7727355957031,20379210
2021-03-01,342.0,347.0,334.6000061035156,344.1000061035156,334.5155029296875,14556212
2021-03-02,344.25,349.29998779296875,338.75,345.25,335.6334533691406,12878208
2021-03-03,350.70001220703125,361.29998779296875,350.5,359.3500061035156,349.3407287597656,20104887
2021-03-04,352.0,357.70001220703125,347.0,349.45001220703125,339.7164611816406,13623173
2021-03-05,345.25,347.6000061035156,333.1499938964844,337.8500061035156,328.4396057128906,15127687
2021-03-08,340.04998779296875,343.8999938964844,334.70001220703125,336.6000061035156,327.22442626953125,10555735
2021-03-09,339.95001220703125,344.3999938964844,328.45001220703125,333.25,323.96771240234375,13883599
2021-03-10,335.79998779296875,342.3500061035156,330.45001220703125,340.3500061035156,330.86993408203125,10886045
2021-03-12,341.54998779296875,345.0,327.45001220703125,330.20001220703125,321.002685546875,15035151
2021-03-15,331.8999938964844,335.8999938964844,325.0,333.79998779296875,324.50238037109375,14049436
2021-03-16,336.0,336.75,326.29998779296875,333.8999938964844,324.5995788574219,13294567
2021-03-17,332.95001220703125,333.54998779296875,325.0,326.3999938964844,317.3085021972656,11028678
2021-03-18,329.3500061035156,340.5,329.3500061035156,331.79998779296875,322.55810546875,23744146
2021-03-19,330.0,339.70001220703125,320.6000061035156,335.1000061035156,325.7662048339844,16753538
2021-03-22,335.1000061035156,342.6499938964844,331.1000061035156,339.75,330.28668212890625,8470164
2021-03-23,341.8999938964844,342.45001220703125,330.29998779296875,331.70001220703125,322.4609069824219,13880498
2021-03-24,328.29998779296875,328.29998779296875,316.79998779296875,317.75,308.8994445800781,20388678
2021-03-25,319.04998779296875,319.8999938964844,305.3999938964844,314.0,305.25390625,20856373
2021-03-26,318.1000061035156,328.5,318.1000061035156,327.1499938964844,318.0376281738281,13857627
2021-03-30,330.54998779296875,332.8999938964844,324.95001220703125,326.29998779296875,317.2113037109375,9159261
2021-03-31,323.1000061035156,336.0,320.8999938964844,326.8500061035156,317.7459716796875,10387652
2021-04-01,329.75,352.0,328.45001220703125,350.25,340.49420166015625,25631843
2021-04-05,349.8999938964844,352.8999938964844,338.0,350.6499938964844,340.883056640625,14771653
2021-04-06,352.70001220703125,358.29998779296875,348.5,350.45001220703125,340.6886291503906,11185963
2021-04-07,350.3999938964844,360.70001220703125,349.0,352.20001220703125,342.389892578125,12542475
2021-04-08,355.8999938964844,374.0,354.6499938964844,365.20001220703125,355.0278015136719,28768469
2021-04-09,367.0,370.0,354.70001220703125,361.04998779296875,350.9933776855469,16371164
2021-04-12,352.1000061035156,354.0,331.6000061035156,336.20001220703125,326.8355407714844,16096812
2021-04-13,336.20001220703125,350.29998779296875,336.20001220703125,348.70001220703125,338.98736572265625,12942071
2021-04-15,354.0,366.79998779296875,349.75,353.54998779296875,343.7023010253906,21825520
2021-04-16,356.75,376.5,352.70001220703125,370.0,359.6941223144531,28438547
2021-04-19,358.70001220703125,366.0,353.8500061035156,361.3999938964844,351.3336181640625,15435944
2021-04-20,368.6000061035156,371.5,354.54998779296875,359.3500061035156,349.3407287597656,15526407
2021-04-22,360.79998779296875,365.6000061035156,354.70001220703125,355.8500061035156,345.9382629394531,12756931
2021-04-23,354.04998779296875,362.6499938964844,345.29998779296875,349.5,339.76507568359375,12805877
2021-04-26,353.0,358.25,345.5,348.3500061035156,338.64715576171875,16472269
2021-04-27,350.1000061035156,370.0,350.1000061035156,366.25,356.0485534667969,41263319
2021-04-28,368.8500061035156,368.8999938964844,358.0,362.6000061035156,352.500244140625,15197329
2021-04-29,367.3999938964844,377.29998779296875,364.6000061035156,372.1499938964844,361.7841796875,34391622
2021-04-30,368.8999938964844,377.0,361.29998779296875,364.3999938964844,354.25006103515625,19935239
2021-05-03,364.3999938964844,373.20001220703125,357.6499938964844,369.95001220703125,359.6455078125,15890242
2021-05-04,372.0,384.45001220703125,359.70001220703125,362.54998779296875,352.45159912109375,29767756
2021-05-05,367.0,373.70001220703125,364.29998779296875,367.1000061035156,356.8748474121094,15192338
2021-05-06,370.0,388.6000061035156,367.79998779296875,385.95001220703125,375.1998291015625,31912131
2021-05-07,390.0,404.95001220703125,385.25,401.1000061035156,389.9278259277344,46343220
2021-05-10,407.79998779296875,427.5,406.70001220703125,425.75,413.8912353515625,39516234
2021-05-11,414.8500061035156,420.6000061035156,408.8500061035156,412.79998779296875,401.30194091796875,27497466
2021-05-12,416.0,417.6499938964844,393.70001220703125,398.79998779296875,387.6918640136719,18242276
2021-05-14,403.0,403.6499938964844,368.1499938964844,382.79998779296875,372.1375427246094,41384078
2021-05-17,384.5,395.3500061035156,377.25,392.95001220703125,382.0048828125,20821967
2021-05-18,401.0,412.79998779296875,396.5,402.1000061035156,390.8999938964844,30540086
2021-05-19,400.0,406.45001220703125,394.20001220703125,403.29998779296875,392.0665283203125,16113667
2021-05-20,390.0,393.20001220703125,379.45001220703125,385.20001220703125,374.4707336425781,30689219
2021-05-21,388.70001220703125,391.8999938964844,383.3500061035156,389.79998779296875,378.9425964355469,22406993
2021-05-24,392.8999938964844,393.70001220703125,379.45001220703125,389.29998779296875,378.45648193359375,23694105
2021-05-25,394.0,399.5,389.54998779296875,391.20001220703125,380.3036193847656,18155697
2021-05-26,389.25,389.5,380.25,381.0,370.3876953125,15340621
2021-05-27,382.04998779296875,388.45001220703125,380.0,385.8500061035156,375.10260009765625,17374666
2021-05-28,393.0,398.8500061035156,384.79998779296875,387.75,376.94964599609375,14862168
2021-05-31,391.54998779296875,395.3999938964844,388.0,394.25,383.2686462402344,13703439
2021-06-01,396.0,396.79998779296875,386.5,394.70001220703125,383.7061462402344,11399189
2021-06-02,389.0,402.70001220703125,389.0,398.79998779296875,387.6918640136719,9587386
2021-06-03,403.0,405.5,398.0,399.20001220703125,388.08074951171875,12441261
2021-06-04,400.0,400.0,392.29998779296875,395.04998779296875,384.04632568359375,10040657
2021-06-07,396.1499938964844,401.3999938964844,394.25,395.0,383.99774169921875,6176784
2021-06-08,395.0,395.5,381.1000061035156,387.75,376.94964599609375,17334691
2021-06-09,388.0,390.95001220703125,382.29998779296875,383.1499938964844,372.477783203125,11807015
2021-06-10,386.1499938964844,389.95001220703125,384.25,385.3999938964844,374.66510009765625,5796380
2021-06-11,388.3999938964844,395.0,383.1499938964844,393.1499938964844,382.1992492675781,9630564
2021-06-14,392.95001220703125,397.5,381.3500061035156,394.79998779296875,383.8033142089844,11601461
2021-06-15,391.0,396.3500061035156,390.0,390.8500061035156,379.9633483886719,7929361
2021-06-16,387.29998779296875,391.3500061035156,377.0,380.25,369.6585693359375,17978012
2021-06-17,376.0,380.29998779296875,365.04998779296875,369.25,358.9649658203125,14321673
2021-06-18,368.75,373.3500061035156,359.79998779296875,371.3500061035156,361.0065002441406,22723111
2021-06-21,366.8999938964844,369.95001220703125,360.3999938964844,367.6000061035156,357.3609619140625,13172227
2021-06-22,371.0,371.8500061035156,366.25,367.54998779296875,357.31231689453125,9787216
2021-06-23,368.04998779296875,377.0,367.3500061035156,368.1000061035156,357.8470458984375,14295574
2021-06-24,369.0,372.45001220703125,366.1000061035156,369.04998779296875,358.7705383300781,9066954
2021-06-25,371.54998779296875,380.3500061035156,371.54998779296875,375.8999938964844,365.42974853515625,12815999
2021-06-28,378.8999938964844,384.95001220703125,374.25,382.29998779296875,371.6514892578125,14518487
2021-06-29,383.3999938964844,383.5,372.70001220703125,374.25,363.8257141113281,9106037
2021-06-30,376.54998779296875,379.3999938964844,370.95001220703125,372.04998779296875,361.6869812011719,10110801
2021-07-01,372.29998779296875,380.79998779296875,372.0,379.3999938964844,368.8322448730469,8232292
2021-07-02,378.0,380.6000061035156,374.20001220703125,376.04998779296875,365.5755615234375,5070326
2021-07-05,379.0,391.0,377.5,389.54998779296875,378.6995544433594,12836172
2021-07-06,389.3999938964844,391.0,384.0,385.3500061035156,374.61651611328125,6153733
2021-07-07,382.8999938964844,395.0,380.20001220703125,393.6499938964844,382.6853332519531,10577866
2021-07-08,392.5,392.8999938964844,381.20001220703125,383.1000061035156,372.42919921875,12333337
2021-07-09,383.0,391.3999938964844,382.1000061035156,390.04998779296875,379.1855773925781,7375406
2021-07-12,393.0,393.0,386.6000061035156,388.3500061035156,377.5329895019531,5679273
2021-07-13,390.5,394.95001220703125,390.0,392.25,381.3243103027344,5467940
2021-07-14,392.25,394.3999938964844,391.0,391.6499938964844,380.7410583496094,3341557
2021-07-15,391.79998779296875,402.8999938964844,390.0,401.45001220703125,390.26806640625,10347950
2021-07-16,403.0,406.0,399.3500061035156,405.5,394.20526123046875,9287112
2021-07-19,398.0,404.95001220703125,396.20001220703125,396.95001220703125,385.8934326171875,5708367
2021-07-20,396.45001220703125,396.45001220703125,381.20001220703125,383.0,372.3320007324219,9214553
2021-07-22,390.20001220703125,395.20001220703125,389.0,393.5,382.5395202636719,7381389
2021-07-23,394.1000061035156,396.54998779296875,390.79998779296875,391.75,380.8382873535156,5217004
2021-07-26,393.0,402.45001220703125,390.20001220703125,400.04998779296875,388.90704345703125,7083799
2021-07-27,404.0,419.70001220703125,403.54998779296875,417.3500061035156,405.7252197265625,28240273
2021-07-28,419.0,419.3999938964844,407.54998779296875,416.29998779296875,404.7044677734375,12775129
2021-07-29,420.5,474.0,416.79998779296875,458.1000061035156,445.3401794433594,61414603
2021-07-30,458.1000061035156,459.6499938964844,442.1499938964844,444.79998779296875,432.4106140136719,12987115
2021-08-02,448.0,452.25,442.70001220703125,445.79998779296875,433.3827819824219,7683565
2021-08-03,447.75,450.8500061035156,440.20001220703125,448.79998779296875,436.2991943359375,8879300
2021-08-04,446.0,455.5,441.0,442.70001220703125,430.369140625,8621637
2021-08-05,445.0,445.70001220703125,432.8999938964844,443.1000061035156,430.75799560546875,11790679
2021-08-06,444.70001220703125,455.8500061035156,439.29998779296875,442.1499938964844,429.83441162109375,18059875
2021-08-09,441.95001220703125,445.0,428.79998779296875,434.70001220703125,422.59197998046875,13778833
2021-08-10,436.5,439.79998779296875,423.25,426.95001220703125,415.0578308105469,10417993
2021-08-11,429.29998779296875,444.5,429.04998779296875,436.6499938964844,424.48760986328125,19239106
2021-08-12,436.8999938964844,444.29998779296875,433.8500061035156,437.25,428.0115966796875,8349354
2021-08-13,437.3999938964844,449.6000061035156,435.5,442.04998779296875,432.71014404296875,13343808
2021-08-16,442.6000061035156,447.0,436.20001220703125,441.75,432.41650390625,8288547
2021-08-17,440.1000061035156,443.8500061035156,429.0,436.6000061035156,427.37530517578125,8413999
2021-08-18,438.79998779296875,439.6499938964844,424.3999938964844,426.95001220703125,417.92919921875,12169397
2021-08-20,416.0,416.0,401.1000061035156,403.6499938964844,395.1214904785156,23309477
2021-08-23,411.0,415.75,399.5,406.8500061035156,398.2538757324219,15943020
2021-08-24,415.0,423.75,412.54998779296875,420.8500061035156,411.95806884765625,15050015
2021-08-25,423.70001220703125,434.95001220703125,423.70001220703125,430.70001220703125,421.5999755859375,17974391
2021-08-26,431.5,432.29998779296875,420.79998779296875,424.1000061035156,415.139404296875,7695674
2021-08-27,427.0,439.0,427.0,437.8999938964844,428.6478576660156,15558923
2021-08-30,440.95001220703125,452.5,440.6499938964844,448.04998779296875,438.5834045410156,11735730
2021-08-31,448.0,471.1499938964844,444.79998779296875,468.29998779296875,458.405517578125,20847646
2021-09-01,474.0,474.0,455.04998779296875,458.1000061035156,448.42108154296875,10038500
2021-09-02,460.04998779296875,465.0,455.70001220703125,456.95001220703125,447.29534912109375,5360608
2021-09-03,457.25,464.5,450.0,461.29998779296875,451.5534362792969,8516918
2021-09-06,466.95001220703125,475.0,461.70001220703125,469.25,459.3354797363281,12183840
2021-09-07,470.0,472.3999938964844,460.8999938964844,462.29998779296875,452.53228759765625,5684070
2021-09-08,464.8500061035156,465.8500061035156,455.20001220703125,456.29998779296875,446.6590881347656,6689343
2021-09-09,458.25,466.6499938964844,456.0,463.54998779296875,453.7558898925781,6926659
2021-09-13,476.0,480.5,468.54998779296875,478.3500061035156,468.2431945800781,16632808
2021-09-14,483.1000061035156,483.45001220703125,473.20001220703125,477.95001220703125,467.8516540527344,15253798
2021-09-15,478.20001220703125,487.6000061035156,474.3500061035156,486.79998779296875,476.5146484375,12415050
2021-09-16,483.0,488.0,480.45001220703125,483.29998779296875,473.088623046875,8011765
2021-09-17,484.0,485.45001220703125,470.1000061035156,473.04998779296875,463.05517578125,12113274
2021-09-20,462.0,464.0,442.3999938964844,444.3999938964844,435.010498046875,18031539
2021-09-21,445.0,452.45001220703125,438.79998779296875,451.0,441.4710388183594,18750888
2021-09-22,452.8999938964844,464.3999938964844,452.20001220703125,463.0,453.217529296875,13613171
2021-09-23,473.5,484.79998779296875,468.0,483.25,473.0396423339844,12757667
2021-09-24,481.0,485.6499938964844,473.6000061035156,478.75,468.634765625,9226843
2021-09-27,474.8999938964844,489.95001220703125,472.29998779296875,481.3999938964844,471.2287292480469,6825039
2021-09-28,480.8999938964844,486.8999938964844,475.04998779296875,478.1499938964844,468.0473937988281,6148679
2021-09-29,475.0,496.8999938964844,473.3999938964844,494.1499938964844,483.7093505859375,9508220
2021-09-30,495.25,504.0,485.6000061035156,487.95001220703125,477.640380859375,14333358
2021-10-01,483.1000061035156,486.0,473.45001220703125,484.3500061035156,474.1164245605469,8072310
2021-10-04,486.0,509.45001220703125,481.0,505.70001220703125,495.01531982421875,10303925
2021-10-05,496.0,506.20001220703125,494.20001220703125,495.29998779296875,484.8350830078125,8162109
2021-10-06,498.0,498.5,474.0,475.8999938964844,465.8449401855469,11231113
2021-10-07,485.0,485.6000061035156,473.0,477.5,467.4111633300781,9774465
2021-10-08,480.95001220703125,490.75,472.6499938964844,473.6499938964844,463.6424560546875,7086881
2021-10-11,478.5,490.0,476.25,487.5,477.19989013671875,5565678
2021-10-12,492.79998779296875,499.5,487.45001220703125,498.6499938964844,488.1142883300781,8685800
2021-10-13,499.95001220703125,512.0,495.0,508.04998779296875,497.3156433105469,8901206
2021-10-14,511.3999938964844,523.3499755859375,508.3500061035156,516.0999755859375,505.1955871582031,8876529
2021-10-18,535.4500122070312,551.8499755859375,526.5,542.7999877929688,531.3314208984375,23481789
2021-10-19,547.7000122070312,547.7000122070312,526.0499877929688,533.75,522.47265625,11017925
2021-10-20,531.0,531.0,510.5,512.9500122070312,502.1121520996094,9440844
2021-10-21,516.2000122070312,520.7999877929688,491.6000061035156,493.75,483.31781005859375,14173662
2021-10-22,489.0,492.0,464.5,470.45001220703125,460.5101318359375,19392383
2021-10-25,473.54998779296875,478.0,459.3500061035156,473.25,463.2509765625,9196105
2021-10-26,475.04998779296875,488.0,472.54998779296875,486.04998779296875,475.78045654296875,8120433
2021-10-27,483.0,487.70001220703125,475.6499938964844,479.8500061035156,469.71148681640625,8972879
2021-10-28,455.8500061035156,477.1499938964844,453.45001220703125,468.79998779296875,458.89495849609375,12659503
2021-10-29,469.45001220703125,474.20001220703125,456.6499938964844,459.79998779296875,450.0851135253906,8306338
2021-11-01,463.79998779296875,481.1000061035156,463.3500061035156,478.1499938964844,468.0473937988281,7466267
2021-11-02,480.0,481.0,467.1499938964844,468.3999938964844,458.50341796875,5953912
2021-11-03,471.0,480.45001220703125,469.8500061035156,478.29998779296875,468.1942443847656,6928590
2021-11-04,482.0,482.0,470.0,472.6000061035156,462.61468505859375,1615558
2021-11-08,480.0,481.45001220703125,459.20001220703125,469.79998779296875,459.8738098144531,13018619
2021-11-09,470.70001220703125,476.20001220703125,462.29998779296875,464.6000061035156,454.78375244140625,8628327
2021-11-10,463.6499938964844,464.0,448.5,449.75,440.2474670410156,14672997
2021-11-11,449.04998779296875,456.29998779296875,446.6000061035156,453.95001220703125,444.3587646484375,7789754
2021-11-12,460.5,470.5,458.95001220703125,468.54998779296875,458.6502380371094,17010073
2021-11-15,473.6000061035156,473.6000061035156,455.1499938964844,455.8999938964844,446.26751708984375,8882843
2021-11-16,457.0,459.8999938964844,443.04998779296875,445.6000061035156,436.1851501464844,8937525
2021-11-17,442.0,449.20001220703125,439.5,445.3999938964844,435.9893798828125,7474301
2021-11-18,448.1000061035156,454.0,436.29998779296875,440.29998779296875,430.99713134765625,9688141
2021-11-22,442.6000061035156,447.70001220703125,432.8999938964844,442.1499938964844,432.80804443359375,10007050
2021-11-23,439.25,453.3999938964844,437.04998779296875,450.20001220703125,440.6879577636719,9020906
2021-11-24,453.8999938964844,456.8999938964844,444.20001220703125,452.1000061035156,442.5478515625,7761523
2021-11-25,451.5,458.79998779296875,443.6499938964844,447.04998779296875,437.6045227050781,8633424
2021-11-26,441.79998779296875,442.70001220703125,414.70001220703125,417.0,408.1894226074219,14826141
2021-11-29,414.0,433.5,407.1000061035156,420.1499938964844,411.27288818359375,19069247
2021-11-30,418.95001220703125,430.0,410.0,412.75,404.0292053222656,14850682
2021-12-01,419.5,426.1000061035156,416.1000061035156,424.8999938964844,415.9224853515625,8183556
2021-12-02,428.0,433.8999938964844,421.0,432.1000061035156,422.9703674316406,7775405
2021-12-03,427.79998779296875,433.79998779296875,424.0,424.6499938964844,415.67779541015625,5938378
2021-12-06,424.95001220703125,432.5,418.20001220703125,421.3500061035156,412.4475402832031,8160853
2021-12-07,427.3999938964844,444.3999938964844,425.20001220703125,442.5,433.1506652832031,18303734
2021-12-08,446.0,458.45001220703125,440.1000061035156,457.45001220703125,447.7847900390625,13700443
2021-12-09,457.45001220703125,458.70001220703125,452.20001220703125,455.6499938964844,446.0227966308594,5586232
2021-12-10,455.3999938964844,460.95001220703125,453.45001220703125,455.1000061035156,445.48443603515625,5308752
2021-12-13,460.0,469.5,457.45001220703125,458.25,448.56787109375,9401208
2021-12-14,454.8999938964844,464.3999938964844,454.70001220703125,461.70001220703125,451.9449768066406,8027659
2021-12-15,461.6000061035156,463.8500061035156,456.04998779296875,458.3500061035156,448.665771484375,3651118
2021-12-16,464.0,464.0,448.54998779296875,450.5,440.98162841796875,8879417
2021-12-17,449.5,457.0,444.75,450.1499938964844,440.6390075683594,14337902
2021-12-20,444.79998779296875,445.25,426.70001220703125,433.1000061035156,423.94927978515625,5952052
2021-12-21,438.0,449.70001220703125,437.3500061035156,445.45001220703125,436.038330078125,5029410
2021-12-22,450.8500061035156,464.6499938964844,447.3500061035156,463.3500061035156,453.56011962890625,7765878
2021-12-23,465.04998779296875,468.45001220703125,459.29998779296875,461.29998779296875,451.5534362792969,6986665
2021-12-24,464.0,464.3999938964844,452.8500061035156,458.8999938964844,449.2041320800781,3122116
2021-12-27,456.8999938964844,458.6000061035156,451.1000061035156,452.79998779296875,443.2330017089844,6146709
2021-12-28,456.6000061035156,459.1499938964844,452.79998779296875,458.1499938964844,448.4700012207031,2889804
2021-12-29,457.0,457.6499938964844,450.5,454.25,444.65240478515625,3050356
2021-12-30,454.0,456.0,448.3999938964844,449.6499938964844,440.1495666503906,3843627
2021-12-31,455.5,477.3500061035156,455.5,475.54998779296875,465.5023498535156,18257598
2022-01-03,475.54998779296875,479.95001220703125,472.1000061035156,478.04998779296875,467.9494934082031,5549693
2022-01-04,479.0,481.5,472.0,476.1000061035156,466.0407409667969,5063834
2022-01-05,473.20001220703125,479.3999938964844,472.0,475.3500061035156,465.30657958984375,4489031
2022-01-06,474.5,485.70001220703125,473.5,479.1000061035156,468.9773254394531,12132277
2022-01-07,481.1000061035156,495.25,480.04998779296875,493.5,483.0731201171875,9300149
2022-01-10,497.0,497.29998779296875,490.04998779296875,492.8999938964844,482.4857482910156,4746931
2022-01-11,491.8999938964844,497.20001220703125,485.70001220703125,486.3500061035156,476.07415771484375,5346073
2022-01-12,494.0,500.8500061035156,491.0,497.95001220703125,487.4290771484375,9296587
2022-01-13,502.20001220703125,509.0,499.1499938964844,507.5,496.77728271484375,9366574
2022-01-14,506.0,509.5,503.0,506.3500061035156,495.651611328125,5461072
2022-01-17,509.0,509.0,496.0,505.95001220703125,495.26007080078125,6721706
2022-01-18,508.79998779296875,512.3499755859375,493.79998779296875,496.0,485.520263671875,6194537
2022-01-19,495.20001220703125,506.25,490.29998779296875,504.79998779296875,494.13433837890625,5799747
2022-01-20,503.8500061035156,508.0,498.1000061035156,503.3999938964844,492.763916015625,4243563
2022-01-21,501.0,515.7999877929688,499.25,506.70001220703125,495.99420166015625,14173177
2022-01-24,498.95001220703125,500.5,475.5,478.3999938964844,468.2921447753906,11020372
2022-01-25,475.54998779296875,486.5,474.6499938964844,485.75,475.48687744140625,5498495
2022-01-27,482.6000061035156,492.8500061035156,478.45001220703125,489.1499938964844,478.8149719238281,6746500
2022-01-28,493.04998779296875,506.6000061035156,488.45001220703125,490.3500061035156,479.98968505859375,6616401
2022-01-31,498.8999938964844,499.75,488.1499938964844,489.04998779296875,478.71710205078125,4846015
2022-02-01,492.79998779296875,512.6500244140625,487.70001220703125,511.0,500.203369140625,9809417
2022-02-02,515.0,518.4000244140625,507.6499938964844,513.9500122070312,503.09100341796875,7283452
2022-02-03,513.0,516.5,509.0,512.6500244140625,501.8184814453125,5078613
2022-02-04,513.0,528.5,512.0499877929688,525.1500244140625,514.0543823242188,12631663
2022-02-07,527.8499755859375,533.25,519.4500122070312,522.5999755859375,511.5582580566406,10939353
2022-02-08,526.0,533.0999755859375,514.0499877929688,526.7999877929688,515.6694946289062,9863290
2022-02-09,536.0,544.4000244140625,532.0999755859375,542.2999877929688,530.8419799804688,9235351
2022-02-10,547.7000122070312,553.5,541.0,547.25,535.6874389648438,10906403
2022-02-11,547.75,553.8499755859375,539.5,542.7000122070312,531.2335815429688,9110193
2022-02-14,531.0,533.9500122070312,519.7000122070312,521.25,510.2367858886719,4995178
2022-02-15,526.4500122070312,536.3499755859375,513.7000122070312,533.8499755859375,522.570556640625,8233217
2022-02-16,536.8499755859375,538.0,526.2000122070312,529.2999877929688,518.1166381835938,4348474
2022-02-17,533.7999877929688,540.75,528.2999877929688,532.5499877929688,521.2980346679688,5340469
2022-02-18,531.0,537.7999877929688,528.0,529.5999755859375,518.4103393554688,3344269
2022-02-21,528.5,529.0,511.20001220703125,512.0,501.1822204589844,6308263
2022-02-22,501.8999938964844,519.25,501.54998779296875,516.2000122070312,505.29351806640625,10664925
2022-02-23,519.7999877929688,523.25,515.6500244140625,518.7000122070312,507.7406921386719,8928934
2022-02-24,505.1000061035156,527.4000244140625,505.1000061035156,517.6500244140625,506.7128601074219,24819208
2022-02-25,525.0,546.9000244140625,523.0999755859375,533.9000244140625,522.6195068359375,13815949
2022-02-28,537.0,580.0499877929688,531.7999877929688,573.75,561.6275634765625,35212827
2022-03-02,575.25,614.25,575.25,600.0999755859375,587.4207153320312,41248362
2022-03-03,613.9000244140625,613.9000244140625,596.9000244140625,606.2999877929688,593.48974609375,18676314
2022-03-04,607.7999877929688,618.0,580.5999755859375,583.7999877929688,571.4652099609375,20490598
2022-03-07,586.75,623.0,586.75,619.75,606.6556396484375,20963374
2022-03-08,618.0,618.0,587.3499755859375,589.9500122070312,577.4852294921875,19477245
2022-03-09,591.2999877929688,598.9500122070312,585.0999755859375,588.0499877929688,575.6254272460938,15686460
2022-03-10,573.5,596.5,569.7999877929688,593.7999877929688,581.25390625,14824703
2022-03-11,595.0,603.0,585.75,589.0999755859375,576.6531982421875,7635725
2022-03-14,585.9000244140625,593.5499877929688,578.25,590.7999877929688,578.3172607421875,7904911
2022-03-15,580.0,581.9000244140625,555.9500122070312,559.75,547.92333984375,13005715
2022-03-16,568.7000122070312,575.4000244140625,563.2999877929688,572.7000122070312,560.5997314453125,10485661
2022-03-17,575.0499877929688,584.4000244140625,573.8499755859375,576.7999877929688,564.613037109375,11581454
2022-03-21,584.0,600.9500122070312,582.5499877929688,589.9500122070312,577.4852294921875,14159371
2022-03-22,599.7999877929688,602.8499755859375,587.2000122070312,593.4500122070312,580.911376953125,7490300
2022-03-23,601.0,611.7999877929688,597.5,608.4500122070312,595.5944213867188,13581577
2022-03-24,610.2000122070312,626.2000122070312,610.0,621.9500122070312,608.8091430664062,12139664
2022-03-25,621.0499877929688,630.9500122070312,616.6500244140625,622.7000122070312,609.5432739257812,11087146
2022-03-28,621.5,634.7999877929688,617.0,630.2000122070312,616.8848266601562,7075442
2022-03-29,630.0,636.0,624.5,631.2999877929688,617.9615478515625,5245788
2022-03-30,622.0,622.0,598.8499755859375,599.7999877929688,587.1271362304688,11195965
2022-03-31,600.0,600.2999877929688,568.1500244140625,569.5,557.4673461914062,23497993
2022-04-01,569.9000244140625,577.0,561.4500122070312,570.5,558.4462280273438,15300787
2022-04-04,572.0,589.6500244140625,569.0499877929688,587.5,575.0870361328125,15845385
2022-04-05,590.9500122070312,590.9500122070312,582.0499877929688,586.8499755859375,574.4507446289062,7065571
2022-04-06,582.9500122070312,589.4500122070312,576.0499877929688,581.25,568.9690551757812,9648592
2022-04-07,581.4000244140625,584.9000244140625,569.0,574.75,562.6063842773438,9357569
2022-04-08,579.4000244140625,584.5499877929688,578.2999877929688,581.75,569.45849609375,7157576
2022-04-11,583.4000244140625,587.4500122070312,574.5499877929688,576.3499755859375,564.172607421875,8297062
2022-04-12,570.5999755859375,570.7999877929688,538.5999755859375,542.3499755859375,530.8909912109375,16701775
2022-04-13,547.0,551.9000244140625,543.5499877929688,546.75,535.197998046875,7396320
2022-04-18,544.9500122070312,555.6500244140625,537.4000244140625,545.3499755859375,533.8275756835938,7550655
2022-04-19,552.0,556.2000122070312,537.5999755859375,540.7999877929688,529.3737182617188,8143101
2022-04-20,544.9500122070312,549.0,536.5999755859375,545.0,533.4849853515625,4725779
2022-04-21,545.0,547.3499755859375,531.4500122070312,540.25,528.8353881835938,8575442
2022-04-22,529.0,529.8499755859375,513.2999877929688,514.1500244140625,503.2868347167969,23871439
2022-04-25,502.6499938964844,508.5,492.25,495.5,485.0308532714844,10749312
2022-04-26,498.0,500.8999938964844,489.75,493.45001220703125,483.0242004394531,11623406
2022-04-27,489.0,497.6000061035156,476.45001220703125,492.29998779296875,481.8984375,17623544
2022-04-28,502.0,502.0,480.0,488.6000061035156,478.2766418457031,25042778
2022-04-29,493.0,497.79998779296875,479.25,482.6499938964844,472.45233154296875,12462169
2022-05-02,477.8500061035156,486.0,469.5,484.3999938964844,474.1653747558594,14625673
2022-05-04,483.0,483.0,459.0,461.6499938964844,451.8960266113281,10366562
2022-05-05,470.0,475.8999938964844,460.20001220703125,461.6000061035156,451.8470764160156,6328868
2022-05-06,450.0,454.25,439.0,443.75,434.37420654296875,8595262
2022-05-09,433.8500061035156,448.54998779296875,429.5,444.1000061035156,434.71685791015625,10773327
2022-05-10,435.0,442.29998779296875,420.29998779296875,423.0,414.0626525878906,9661841
2022-05-11,423.0,429.8999938964844,413.95001220703125,422.54998779296875,413.6221618652344,14197501
2022-05-12,416.0,422.0,394.6000061035156,405.8500061035156,397.2750244140625,23831422
2022-05-13,411.0,414.45001220703125,384.95001220703125,388.0,379.8021545410156,17007818
2022-05-16,395.79998779296875,400.79998779296875,385.0,390.95001220703125,382.6898193359375,13900633
2022-05-17,399.0,437.29998779296875,398.04998779296875,428.3999938964844,419.34857177734375,37772554
2022-05-18,434.5,438.3999938964844,423.5,436.1000061035156,426.8858947753906,18052317
2022-05-19,422.1000061035156,425.95001220703125,413.79998779296875,417.0,408.1894226074219,10319381
2022-05-20,432.0,435.0,421.04998779296875,429.1000061035156,420.03375244140625,9703961
2022-05-23,418.0,420.70001220703125,399.3500061035156,413.1499938964844,404.4207763671875,15828786
2022-05-24,414.3999938964844,415.5,400.0,400.79998779296875,392.3316955566406,12840838
2022-05-25,405.0,405.04998779296875,389.70001220703125,396.8500061035156,388.46514892578125,11103850
2022-05-26,406.5,410.5,392.6000061035156,407.8500061035156,399.23272705078125,13391224
2022-05-27,423.1000061035156,426.95001220703125,406.1000061035156,409.1499938964844,400.5052795410156,20350558
2022-05-30,410.0,419.5,405.6000061035156,416.75,407.9447326660156,7161082
2022-05-31,414.8999938964844,428.5,412.0,422.54998779296875,413.6221618652344,39115757
2022-06-01,421.0,422.0,406.20001220703125,410.6499938964844,401.9736022949219,12551513
2022-06-02,408.0,414.3999938964844,406.3999938964844,409.8999938964844,401.2394714355469,7202046
2022-06-03,414.0,416.8999938964844,405.29998779296875,406.75,398.156005859375,12229014
2022-06-06,402.6000061035156,410.70001220703125,395.95001220703125,409.1499938964844,400.5052795410156,8810058
2022-06-07,407.95001220703125,413.0,402.20001220703125,404.20001220703125,395.6598815917969,7636671
2022-06-08,402.0,407.0,401.1000061035156,403.5,394.97467041015625,6911005
2022-06-09,399.0,402.29998779296875,393.3999938964844,399.75,391.3039245605469,8798828
2022-06-10,390.0,391.79998779296875,382.75,385.75,377.5997009277344,14541630
2022-06-13,377.79998779296875,377.79998779296875,360.5,366.45001220703125,358.7074890136719,12269608
2022-06-14,363.8500061035156,369.6000061035156,357.3500061035156,358.29998779296875,350.7296447753906,11273145
2022-06-15,360.0,362.8999938964844,356.04998779296875,357.5,349.94659423828125,8393144
2022-06-16,360.3999938964844,363.75,332.29998779296875,336.1000061035156,328.9987487792969,16614475
2022-06-17,333.0,342.54998779296875,325.8500061035156,333.70001220703125,326.6494445800781,18606308
2022-06-20,331.0,334.6000061035156,308.95001220703125,321.5,314.7071838378906,20646347
2022-06-21,327.6000061035156,343.5,325.6000061035156,339.25,332.0821533203125,15208306
2022-06-22,334.0,334.0,315.45001220703125,316.45001220703125,309.763916015625,19176515
2022-06-23,317.0,327.6499938964844,311.1000061035156,317.6000061035156,310.8896179199219,18756690
2022-06-24,321.70001220703125,324.95001220703125,316.6000061035156,322.29998779296875,315.49029541015625,11621311
2022-06-27,331.5,338.0,326.3500061035156,329.95001220703125,322.9786682128906,15014176
2022-06-28,328.45001220703125,345.25,325.29998779296875,343.54998779296875,336.29132080078125,15742835
2022-06-29,339.45001220703125,345.6000061035156,335.04998779296875,344.1499938964844,336.87860107421875,12659696
2022-06-30,345.0,349.8999938964844,337.04998779296875,338.6499938964844,331.4948425292969,21225418
2022-07-01,335.0,342.8999938964844,330.25,341.1499938964844,333.9420166015625,11278576
2022-07-04,338.0,342.0,326.6499938964844,340.5,333.3057556152344,10905377
2022-07-05,341.75,356.8999938964844,341.75,345.25,337.95538330078125,20928565
2022-07-06,339.79998779296875,342.29998779296875,327.79998779296875,340.95001220703125,333.7462463378906,22317536
2022-07-07,347.8500061035156,364.5,341.29998779296875,361.6499938964844,354.0089111328125,18699515
2022-07-08,368.0,368.0,351.1000061035156,357.54998779296875,349.9955139160156,25506273
2022-07-11,352.0,363.29998779296875,347.79998779296875,356.20001220703125,348.674072265625,13745531
2022-07-12,350.0,356.0,341.6000061035156,346.8999938964844,339.5705261230469,16896696
2022-07-13,346.0,351.8999938964844,344.0,348.8999938964844,341.5282897949219,13690887
2022-07-14,354.5,354.5,346.5,349.1000061035156,341.7240295410156,9511166
2022-07-15,344.6000061035156,351.8999938964844,344.6000061035156,350.54998779296875,343.1434020996094,10062417
2022-07-18,355.8999938964844,368.1000061035156,354.20001220703125,367.1000061035156,359.3437194824219,13863266
2022-07-19,364.5,371.3500061035156,363.29998779296875,367.95001220703125,360.17578125,10868823
2022-07-20,375.0,376.20001220703125,367.3999938964844,369.3500061035156,361.54620361328125,10150339
2022-07-21,371.6499938964844,379.5,370.8500061035156,375.95001220703125,368.00677490234375,12521152
2022-07-22,378.75,382.0,376.75,381.25,373.19476318359375,9498042
2022-07-25,381.0,388.54998779296875,380.29998779296875,387.04998779296875,378.8722229003906,7734139
2022-07-26,387.3999938964844,389.3999938964844,381.04998779296875,381.8999938964844,373.8310241699219,5532712
2022-07-27,381.8999938964844,389.8500061035156,379.1499938964844,388.6499938964844,380.43841552734375,4744697
2022-07-28,394.0,395.25,385.8999938964844,392.3999938964844,384.10919189453125,7586494
2022-07-29,396.5,416.79998779296875,395.20001220703125,415.04998779296875,406.2806396484375,15509534
2022-08-01,420.0,428.0,418.8500061035156,424.0,415.0415344238281,15535311
2022-08-02,419.0,420.5,407.6000061035156,418.3999938964844,409.5598449707031,15535733
2022-08-03,417.0,422.5,409.6000061035156,414.25,405.4975280761719,6883530
2022-08-04,427.0,433.0,418.3999938964844,421.70001220703125,412.7901306152344,20678616
2022-08-05,422.95001220703125,426.5,409.04998779296875,410.79998779296875,402.12042236328125,12217436
2022-08-08,414.8999938964844,422.54998779296875,414.0,421.3999938964844,412.4964599609375,7643955
2022-08-10,423.04998779296875,444.3999938964844,416.6000061035156,440.1000061035156,430.80133056640625,23766201
2022-08-11,446.5,446.5,432.0,433.5,428.2329406738281,14865139
2022-08-12,435.6499938964844,442.70001220703125,433.0,436.25,430.94952392578125,9420634
2022-08-16,434.0,434.75,422.3500061035156,428.8999938964844,423.6888427734375,11154059
2022-08-17,430.95001220703125,442.3999938964844,426.6000061035156,438.95001220703125,433.6167297363281,12297570
2022-08-18,437.0,441.0,433.6499938964844,438.04998779296875,432.7276611328125,6755688
2022-08-19,442.0,442.0,425.1000061035156,427.3500061035156,422.15765380859375,8116871
2022-08-22,422.0,425.3999938964844,416.3500061035156,418.5,413.4151916503906,7407485
2022-08-23,415.04998779296875,431.79998779296875,413.8500061035156,427.8999938964844,422.7009582519531,8605014
2022-08-24,430.0,432.1499938964844,425.20001220703125,428.8500061035156,423.6394348144531,6538727
2022-08-25,430.95001220703125,436.75,429.70001220703125,432.75,427.4920349121094,6818164
2022-08-26,436.20001220703125,445.45001220703125,436.0,440.04998779296875,434.703369140625,11051127
2022-08-29,418.04998779296875,433.0,418.04998779296875,430.20001220703125,424.9730224609375,7716457
2022-08-30,434.0,441.6000061035156,433.3500061035156,439.0,433.6661071777344,8824878
2022-09-01,424.0,431.6000061035156,420.79998779296875,421.95001220703125,416.8232727050781,14093149
2022-09-02,424.1000061035156,425.20001220703125,413.25,414.8999938964844,409.8589172363281,10102220
2022-09-05,415.0,430.20001220703125,415.0,429.29998779296875,424.0839538574219,14707728
2022-09-06,430.45001220703125,432.8999938964844,427.1000061035156,430.95001220703125,425.71392822265625,6180669
2022-09-07,424.25,433.54998779296875,422.70001220703125,432.8500061035156,427.5908508300781,7043379
2022-09-08,435.5,436.95001220703125,419.1499938964844,420.54998779296875,415.4402770996094,12076714
2022-09-09,426.0,430.6499938964844,423.25,426.0,420.8240661621094,8000436
2022-09-12,432.0,432.8999938964844,428.6499938964844,431.1499938964844,425.9114685058594,5530132
2022-09-13,432.25,439.29998779296875,432.25,436.6499938964844,431.3446350097656,7628228
2022-09-14,426.0,447.8999938964844,424.1000061035156,442.0,436.6296691894531,12387075
2022-09-15,439.5,439.5,423.75,424.3999938964844,419.2434997558594,13039806
2022-09-16,424.0,424.29998779296875,405.79998779296875,412.5,407.48809814453125,14826674
2022-09-19,414.6000061035156,416.25,405.6499938964844,412.1499938964844,407.142333984375,6080201
2022-09-20,416.0,427.5,415.79998779296875,421.45001220703125,416.329345703125,8758050
2022-09-21,417.8999938964844,423.8999938964844,410.79998779296875,411.3500061035156,406.35205078125,6859320
2022-09-22,409.0,415.0,403.5,412.1000061035156,407.09295654296875,8704463
2022-09-23,410.70001220703125,412.70001220703125,394.45001220703125,396.3500061035156,391.5343322753906,9228856
2022-09-26,390.0,390.0,369.6000061035156,373.3999938964844,368.8631591796875,13092570
2022-09-27,375.29998779296875,379.95001220703125,365.1000061035156,373.6000061035156,369.06072998046875,14934966
2022-09-28,368.0,372.1000061035156,358.79998779296875,360.75,356.36688232421875,10751444
2022-09-29,366.75,376.8999938964844,366.0,371.20001220703125,366.68988037109375,14020084
2022-09-30,376.0,395.3500061035156,375.1499938964844,390.54998779296875,385.8047790527344,17706821
2022-10-03,389.0,389.45001220703125,379.1000061035156,380.95001220703125,376.3214416503906,8504297
2022-10-04,396.0,400.8999938964844,390.29998779296875,394.04998779296875,389.2622375488281,9017446
2022-10-06,402.0,413.95001220703125,399.3999938964844,412.6499938964844,407.6362609863281,11758976
2022-10-07,409.95001220703125,411.95001220703125,405.79998779296875,411.1000061035156,406.1051330566406,5241693
2022-10-10,403.5,409.1499938964844,400.0,407.5,402.5488586425781,6519737
2022-10-11,403.0,412.45001220703125,393.8999938964844,396.04998779296875,391.2379455566406,7054654
2022-10-12,398.04998779296875,401.3999938964844,391.75,400.20001220703125,395.3375549316406,6584436
2022-10-13,411.0,416.5,400.0,401.54998779296875,396.671142578125,16565725
2022-10-14,411.25,411.25,396.3999938964844,397.1499938964844,392.3245849609375,6115990
2022-10-17,395.04998779296875,395.8999938964844,386.29998779296875,388.29998779296875,383.58209228515625,8966396
2022-10-18,391.5,398.3999938964844,391.3500061035156,393.45001220703125,388.6695556640625,7081590
2022-10-19,394.0,398.1000061035156,389.5,390.29998779296875,385.55780029296875,6208852
2022-10-20,383.0,396.70001220703125,380.1000061035156,395.20001220703125,390.3982849121094,8222063
2022-10-21,397.20001220703125,398.04998779296875,386.25,393.75,388.9659118652344,7988528
2022-10-24,395.0,398.8500061035156,394.3500061035156,395.54998779296875,390.7440185546875,793366
2022-10-25,394.3999938964844,402.79998779296875,391.5,398.3999938964844,393.55938720703125,6156624
2022-10-27,408.0,413.3999938964844,405.3500061035156,412.3999938964844,407.3892822265625,9752346
2022-10-28,412.5,412.5,399.75,404.95001220703125,400.02984619140625,6569623
2022-10-31,405.0,408.75,403.0,405.6499938964844,400.7213134765625,4257977
2022-11-01,406.0,415.0,406.0,414.3999938964844,409.364990234375,7483252
2022-11-02,414.75,426.8500061035156,414.0,421.29998779296875,416.18115234375,11554760
2022-11-03,415.0,415.8999938964844,408.95001220703125,410.3500061035156,405.3642272949219,7304472
2022-11-04,412.45001220703125,432.0,412.0,430.54998779296875,425.3187561035156,13317485
2022-11-07,432.0,438.8999938964844,426.29998779296875,437.5,432.1843566894531,9887999
2022-11-09,430.1000061035156,433.0,415.6000061035156,417.1000061035156,412.0321960449219,13898567
2022-11-10,415.29998779296875,420.3999938964844,412.75,415.1000061035156,410.0564880371094,5574432
2022-11-11,420.3500061035156,431.79998779296875,420.29998779296875,429.8500061035156,424.6272888183594,14060782
2022-11-14,435.0,458.6499938964844,434.04998779296875,455.54998779296875,450.0150146484375,30135088
2022-11-15,456.0,460.54998779296875,449.54998779296875,456.8999938964844,451.3486328125,11841577
2022-11-16,455.54998779296875,455.54998779296875,444.1499938964844,447.3999938964844,441.96405029296875,7137989
2022-11-17,443.45001220703125,444.3999938964844,436.5,440.45001220703125,435.0985107421875,6533823
2022-11-18,440.5,443.8999938964844,434.45001220703125,438.6000061035156,433.27099609375,6128677
2022-11-21,439.79998779296875,444.45001220703125,428.3999938964844,430.54998779296875,425.3187561035156,6372470
2022-11-22,432.75,436.3500061035156,429.0,430.6499938964844,425.4175720214844,6108017
2022-11-23,434.5,439.29998779296875,431.54998779296875,433.3500061035156,428.08477783203125,6031033
2022-11-24,435.54998779296875,439.6000061035156,432.6499938964844,438.3500061035156,433.0240173339844,4733568
2022-11-25,438.0,441.79998779296875,434.3500061035156,440.6499938964844,435.2960510253906,4800030
2022-11-28,435.0,436.5,429.0,431.1499938964844,425.9114685058594,5613201
2022-11-29,433.0,440.8999938964844,432.25,435.95001220703125,430.6531677246094,6518828
2022-11-30,438.75,451.95001220703125,438.1499938964844,450.70001220703125,445.2239685058594,13921394
2022-12-01,455.0,466.5,454.04998779296875,463.3999938964844,457.7696533203125,13243436
2022-12-02,463.29998779296875,470.3999938964844,458.0,461.1000061035156,455.4975891113281,6621056
2022-12-05,466.1499938964844,483.8500061035156,466.1499938964844,481.20001220703125,475.3533935546875,14599958
2022-12-06,477.5,477.5,467.20001220703125,470.0,464.2894592285156,7409338
2022-12-07,470.0,472.1000061035156,463.1000061035156,464.29998779296875,458.6587219238281,5510513
2022-12-08,465.04998779296875,472.95001220703125,461.29998779296875,471.6499938964844,465.9194030761719,4902003
2022-12-09,474.0,476.0,461.8999938964844,462.8500061035156,457.2263488769531,5405738
2022-12-12,459.0,466.95001220703125,454.45001220703125,461.95001220703125,456.3372802734375,4809486
2022-12-13,464.29998779296875,466.0,457.29998779296875,458.1000061035156,452.5340576171875,4359377
2022-12-14,461.6499938964844,470.95001220703125,461.04998779296875,469.29998779296875,463.59796142578125,6639699
2022-12-15,467.0,470.6499938964844,459.0,461.0,455.3988037109375,3986930
2022-12-16,458.0,462.75,452.54998779296875,456.75,451.2004699707031,6460140
2022-12-19,459.0,463.0,455.04998779296875,460.1499938964844,454.55914306640625,3690005
2022-12-20,458.0,459.25,444.25,457.04998779296875,451.4967956542969,7580480
2022-12-21,459.29998779296875,463.8999938964844,451.8999938964844,457.1499938964844,451.5955810546875,5557133
2022-12-22,459.45001220703125,463.0,447.20001220703125,455.5,449.96563720703125,4435416
2022-12-23,452.8999938964844,452.8999938964844,427.6000061035156,429.54998779296875,424.3309326171875,7766201
2022-12-26,431.0,445.3999938964844,429.1000061035156,442.95001220703125,437.568115234375,3939359
2022-12-27,447.95001220703125,472.3999938964844,446.75,471.0,465.27728271484375,13898138
2022-12-28,467.6499938964844,473.70001220703125,463.95001220703125,465.95001220703125,460.2886657714844,7519133
2022-12-29,459.29998779296875,472.20001220703125,455.25,469.8999938964844,464.190673828125,8427104
2022-12-30,473.95001220703125,482.29998779296875,471.79998779296875,473.3500061035156,467.5987548828125,8024424
2023-01-02,475.95001220703125,491.0,475.1499938964844,487.04998779296875,481.1322937011719,11255811
2023-01-03,486.5,488.45001220703125,478.5,479.8999938964844,474.0691833496094,5906501
2023-01-04,477.0,477.45001220703125,460.0,461.5,455.8927307128906,9899885
2023-01-05,463.25,467.45001220703125,458.6499938964844,465.70001220703125,460.0417175292969,7087634
2023-01-06,467.0,474.0,461.1000061035156,462.6499938964844,457.02874755859375,6004013
2023-01-09,471.0,474.0,466.20001220703125,470.75,465.0303649902344,6047398
2023-01-10,478.0,480.5,473.29998779296875,477.54998779296875,471.7477111816406,7092319
2023-01-11,481.8999938964844,493.45001220703125,481.0,490.95001220703125,484.98492431640625,11383752
2023-01-12,495.0,495.6000061035156,482.20001220703125,485.6499938964844,479.7492980957031,7278634
2023-01-13,487.6499938964844,490.0,482.6499938964844,488.5,482.5646667480469,7445162
2023-01-16,490.95001220703125,492.70001220703125,481.25,483.04998779296875,477.1808776855469,3294109
2023-01-17,481.75,489.29998779296875,476.95001220703125,487.8999938964844,481.9719543457031,7819426
2023-01-18,488.5,504.0,488.5,502.95001220703125,496.8391418457031,12045667
2023-01-19,493.1499938964844,503.0,491.0,498.8999938964844,492.83831787109375,7945795
2023-01-20,498.0,501.54998779296875,488.25,489.95001220703125,483.9970703125,5664588
2023-01-23,494.0,500.3500061035156,491.20001220703125,494.20001220703125,488.1954345703125,5559031
2023-01-24,496.70001220703125,497.8999938964844,483.54998779296875,484.6499938964844,478.7614440917969,3293586
2023-01-25,484.1000061035156,495.79998779296875,484.1000061035156,489.1000061035156,483.15740966796875,7341066
2023-01-27,493.5,494.79998779296875,467.95001220703125,479.0,473.18011474609375,4591590
2023-01-30,479.0,483.3500061035156,463.95001220703125,472.3500061035156,466.61090087890625,5804476
2023-01-31,474.95001220703125,476.3500061035156,465.5,468.3999938964844,462.7088928222656,5679604
2023-02-01,473.0,480.6000061035156,454.6000061035156,467.8500061035156,462.16558837890625,6075062
2023-02-02,467.0,471.0,460.79998779296875,465.3999938964844,459.745361328125,3356544
2023-02-03,467.75,468.95001220703125,450.20001220703125,459.6499938964844,454.0652160644531,5707642
2023-02-06,457.0,457.0,446.0,447.3500061035156,441.9146728515625,4398369
2023-02-07,440.0,441.8999938964844,425.5,429.54998779296875,424.3309326171875,16652967
2023-02-08,432.0,439.79998779296875,432.0,436.5,431.19647216796875,6121515
2023-02-09,437.0,447.70001220703125,431.75,444.54998779296875,439.148681640625,11431814
2023-02-10,444.54998779296875,444.95001220703125,431.0,433.1499938964844,427.8871765136719,6648361
2023-02-13,434.5,439.79998779296875,426.54998779296875,427.70001220703125,422.50341796875,6437475
2023-02-14,429.5,435.25,425.3500061035156,434.79998779296875,429.51715087890625,3951666
2023-02-15,435.5,437.25,430.6000061035156,433.95001220703125,428.6774597167969,3623450
2023-02-16,436.8999938964844,438.0,433.0,434.70001220703125,429.4183654785156,4282249
2023-02-17,434.75,438.0,426.6000061035156,429.5,424.2815246582031,4014137
2023-02-20,429.8999938964844,435.54998779296875,429.0,434.25,428.97381591796875,3749802
2023-02-21,437.75,438.29998779296875,430.0,431.5,426.2572326660156,3761409
2023-02-22,430.5,434.5,426.75,429.70001220703125,424.4791259765625,5276939
2023-02-23,430.3999938964844,438.5,430.1000061035156,436.45001220703125,431.1471252441406,5037774
2023-02-24,438.0,438.0,414.25,415.25,410.20465087890625,10814032
2023-02-27,415.0,415.0,401.5,411.79998779296875,406.7966003417969,8301373
2023-02-28,413.5,413.8999938964844,398.0,399.20001220703125,394.3497009277344,12174759
2023-03-01,402.0,414.8999938964844,401.6499938964844,413.04998779296875,408.0314025878906,7935816
2023-03-02,415.0,416.79998779296875,408.0,410.79998779296875,405.8087158203125,4804013
2023-03-03,413.20001220703125,419.3500061035156,412.20001220703125,416.8999938964844,411.8346252441406,5102333
2023-03-06,419.0,422.20001220703125,413.8999938964844,414.5,409.46380615234375,5071598
2023-03-08,409.95001220703125,409.95001220703125,396.1000061035156,407.75,402.7958068847656,7044653
2023-03-09,411.0,418.5,408.0,408.8500061035156,403.8824462890625,6982179
2023-03-10,403.0,409.5,395.3999938964844,405.6499938964844,400.7213134765625,5239128
2023-03-13,409.0,414.95001220703125,398.5,402.25,397.3626403808594,5962595
2023-03-14,404.29998779296875,407.95001220703125,399.45001220703125,402.70001220703125,397.8071594238281,5841181
2023-03-15,407.95001220703125,412.75,405.0,406.1499938964844,401.2152404785156,5681268
2023-03-16,400.6000061035156,400.8500061035156,383.1000061035156,384.95001220703125,380.2728271484375,16739755
2023-03-17,389.25,398.04998779296875,386.54998779296875,396.70001220703125,391.8800964355469,9861244
2023-03-20,393.75,394.04998779296875,381.0,385.75,381.0631103515625,6331283
2023-03-21,387.70001220703125,390.6000061035156,384.95001220703125,388.54998779296875,383.8290710449219,6080002
2023-03-22,390.1000061035156,396.75,388.25,392.75,387.9780578613281,6511605
2023-03-23,387.0,400.6499938964844,386.0,398.79998779296875,393.95452880859375,10453779
2023-03-24,400.79998779296875,401.0,386.1499938964844,388.3999938964844,383.680908203125,8833099
2023-03-27,390.0,396.6000061035156,389.3999938964844,389.95001220703125,385.2120666503906,7066058
2023-03-28,393.0,399.79998779296875,391.75,392.8999938964844,388.126220703125,6424209
2023-03-29,394.8999938964844,400.8999938964844,389.8999938964844,399.04998779296875,394.2015075683594,6959623
2023-03-31,404.04998779296875,410.29998779296875,401.1000061035156,405.3500061035156,400.42498779296875,7468634
2023-04-03,406.5,406.8999938964844,399.54998779296875,402.54998779296875,397.6589660644531,5200766
2023-04-05,402.0,404.6000061035156,394.29998779296875,403.29998779296875,398.3998718261719,5607641
2023-04-06,401.0,406.5,398.75,405.25,400.326171875,4174551
2023-04-10,406.79998779296875,413.8500061035156,405.5,411.45001220703125,406.45086669921875,5327008
2023-04-11,412.8999938964844,418.04998779296875,411.1499938964844,417.54998779296875,412.4767150878906,4965642
2023-04-12,419.8999938964844,422.3999938964844,415.6000061035156,417.6499938964844,412.57550048828125,4701591
2023-04-13,418.04998779296875,422.75,415.3500061035156,422.04998779296875,416.92205810546875,6368113
2023-04-17,422.3500061035156,429.1499938964844,421.6000061035156,428.70001220703125,423.49127197265625,6920340
2023-04-18,430.0,433.0,427.8999938964844,431.54998779296875,426.3066101074219,4866068
2023-04-19,434.3999938964844,437.3500061035156,431.29998779296875,433.04998779296875,427.78839111328125,5982454
2023-04-20,431.8999938964844,435.70001220703125,428.04998779296875,429.8500061035156,424.6272888183594,3830118
2023-04-21,430.0,430.8500061035156,419.0,422.3500061035156,417.2184143066406,5139533
2023-04-24,419.0,428.95001220703125,418.3500061035156,427.79998779296875,422.6022033691406,2308450
2023-04-25,425.0,431.70001220703125,425.0,429.79998779296875,424.577880859375,3648159
2023-04-26,425.6000061035156,427.0,422.1000061035156,424.79998779296875,419.63861083984375,5184973
2023-04-27,425.0,431.45001220703125,422.04998779296875,430.79998779296875,425.56573486328125,3271257
2023-04-28,433.5,437.0,430.8999938964844,436.1000061035156,430.80133056640625,4913550
2023-05-02,439.0,449.8999938964844,438.0,446.1499938964844,440.729248046875,5178547
2023-05-03,441.0,443.8999938964844,434.25,442.29998779296875,436.9259948730469,4826725
2023-05-04,445.0,446.45001220703125,440.5,445.5,440.0871276855469,3100187
2023-05-05,443.0,443.5,432.6499938964844,434.25,428.97381591796875,3034975
2023-05-08,438.25,446.8999938964844,436.20001220703125,445.04998779296875,439.6426086425781,4090222
2023-05-09,444.54998779296875,446.70001220703125,439.20001220703125,440.3500061035156,434.9997253417969,2941913
2023-05-10,441.0,442.8500061035156,433.6499938964844,436.45001220703125,431.1471252441406,3075599
2023-05-11,434.0,434.0,419.54998779296875,420.8500061035156,415.73663330078125,11081500
2023-05-12,419.0,419.0,403.79998779296875,404.75,399.8322448730469,11152831
2023-05-15,408.5,412.8500061035156,404.3500061035156,410.70001220703125,405.7099914550781,5148782
2023-05-16,413.6000061035156,417.70001220703125,411.0,412.45001220703125,407.438720703125,4010692
2023-05-17,411.79998779296875,413.3999938964844,405.54998779296875,407.70001220703125,402.74639892578125,3727878
2023-05-18,411.0,413.3999938964844,405.6499938964844,406.5,401.56097412109375,4078918
2023-05-19,408.0,408.3999938964844,400.3999938964844,406.75,401.8079528808594,5523299
2023-05-22,406.0,409.0,402.70001220703125,407.70001220703125,402.74639892578125,4237198
2023-05-23,409.20001220703125,413.79998779296875,406.8999938964844,410.29998779296875,405.3148193359375,3690618
2023-05-24,408.8999938964844,410.5,403.6000061035156,406.8999938964844,401.95611572265625,7866105
2023-05-25,404.5,405.75,397.79998779296875,404.25,399.3383483886719,8018242
2023-05-26,405.1000061035156,415.29998779296875,403.1000061035156,413.54998779296875,408.52532958984375,6401768
2023-05-29,417.0,425.0,415.5,419.8999938964844,414.7981872558594,8350721
2023-05-30,421.5,421.5,411.6000061035156,413.1000061035156,408.0807800292969,5596603
2023-05-31,410.5,410.70001220703125,404.3500061035156,405.8999938964844,400.96826171875,22945527
2023-06-01,409.04998779296875,414.3999938964844,405.8999938964844,406.3500061035156,401.4128112792969,4269628
2023-06-02,412.04998779296875,421.8999938964844,412.04998779296875,420.75,415.6378479003906,11695310
2023-06-05,424.8500061035156,426.0,418.3999938964844,419.70001220703125,414.6006164550781,8039709
2023-06-06,419.70001220703125,422.0,413.79998779296875,415.54998779296875,410.50103759765625,4383684
2023-06-07,418.0,423.70001220703125,413.8500061035156,422.6000061035156,417.46539306640625,6911473
2023-06-08,423.95001220703125,425.70001220703125,417.70001220703125,418.25,413.1682434082031,5571023
2023-06-09,421.8500061035156,421.8500061035156,414.5,415.04998779296875,410.0071105957031,3518826
2023-06-12,417.95001220703125,421.0,414.0,416.79998779296875,411.73583984375,2813911
2023-06-13,419.0,424.0,416.8999938964844,421.3999938964844,416.2799377441406,4247391
2023-06-14,427.0,430.0,424.1499938964844,425.04998779296875,419.8855895996094,7213168
2023-06-15,424.8999938964844,425.6499938964844,420.75,423.04998779296875,417.9098815917969,4863359
2023-06-16,427.70001220703125,431.45001220703125,425.79998779296875,426.95001220703125,421.76251220703125,7931068
2023-06-19,424.25,432.0,423.04998779296875,426.1499938964844,420.97222900390625,3950931
2023-06-20,426.1499938964844,433.25,423.04998779296875,428.95001220703125,423.73822021484375,5090801
2023-06-21,428.95001220703125,429.70001220703125,418.1000061035156,420.95001220703125,415.83544921875,5689533
2023-06-22,421.8999938964844,425.3999938964844,416.20001220703125,420.04998779296875,414.94635009765625,3566261
2023-06-23,416.0,416.95001220703125,407.45001220703125,408.5,403.53668212890625,5403772
2023-06-26,410.0,416.0,408.20001220703125,414.70001220703125,409.661376953125,4460980
2023-06-27,416.0,419.29998779296875,414.0,417.75,412.67431640625,3047635
2023-06-28,419.75,421.54998779296875,418.3500061035156,420.20001220703125,415.09454345703125,4613401
2023-06-30,419.8500061035156,422.6499938964844,414.6499938964844,420.95001220703125,415.83544921875,4115005
2023-07-03,424.0,428.75,422.1000061035156,425.6499938964844,420.47833251953125,3693861
2023-07-04,427.95001220703125,428.95001220703125,423.1499938964844,425.79998779296875,420.6264953613281,2721964
2023-07-05,425.0,427.3999938964844,419.3500061035156,421.5,416.3787536621094,4783528
2023-07-06,418.95001220703125,428.0,417.1499938964844,426.3999938964844,421.21917724609375,5021705
2023-07-07,423.8999938964844,425.0,418.5,422.70001220703125,417.5641784667969,6769909
2023-07-10,423.0,436.20001220703125,423.0,427.8500061035156,422.6515808105469,6502214
2023-07-11,429.25,431.8500061035156,424.0,424.6499938964844,419.4904479980469,3055356
2023-07-12,425.5,428.1000061035156,422.25,424.8500061035156,419.68804931640625,2854995
2023-07-13,430.20001220703125,439.5,430.20001220703125,435.20001220703125,429.91229248046875,11590791
2023-07-14,441.0,448.5,439.6000061035156,446.95001220703125,441.51953125,10801568
2023-07-17,447.79998779296875,454.1499938964844,443.3999938964844,447.1000061035156,441.6676940917969,8441112
2023-07-18,447.0,449.0,442.20001220703125,444.5,439.09930419921875,3963196
2023-07-19,444.0,444.3999938964844,438.5,439.20001220703125,433.8636779785156,5062700
2023-07-20,442.0,442.8999938964844,438.25,441.54998779296875,436.18511962890625,5156038
2023-07-21,441.45001220703125,441.45001220703125,433.6499938964844,434.5,429.22076416015625,4309067
2023-07-24,434.0,437.54998779296875,431.5,432.95001220703125,427.68963623046875,3399581
2023-07-25,436.1499938964844,450.5,435.0,449.5,444.0385437011719,8482756
2023-07-26,449.5,451.6499938964844,446.3999938964844,449.0,443.54461669921875,4218466
2023-07-27,451.0,459.6000061035156,448.1000061035156,451.3999938964844,445.9154357910156,5615100
2023-07-28,450.5,452.6499938964844,443.3999938964844,451.5,446.0142517089844,3886408
2023-07-31,453.04998779296875,463.25,453.0,462.6000061035156,456.9793701171875,4974267
2023-08-01,465.0,471.54998779296875,462.1000061035156,464.1000061035156,458.4611511230469,6249656
2023-08-02,460.0,461.20001220703125,449.6499938964844,454.5,448.977783203125,5986653
2023-08-03,450.0,458.5,445.0,453.29998779296875,447.7923583984375,4026983
2023-08-04,464.0,466.0,453.8999938964844,457.0,451.4473876953125,7576934
2023-08-07,459.20001220703125,467.3500061035156,459.1499938964844,464.8500061035156,459.2020568847656,3770469
2023-08-08,464.8500061035156,467.25,452.0,454.75,449.2247619628906,6448476
2023-08-09,454.75,469.79998779296875,450.8999938964844,468.8999938964844,463.20281982421875,6171305
2023-08-10,468.0,471.0,463.0,468.8999938964844,463.20281982421875,4285159
2023-08-11,467.0,470.0,460.0,462.45001220703125,456.8312072753906,4422888
2023-08-14,458.6000061035156,458.6000061035156,447.6000061035156,450.79998779296875,448.2304992675781,4566085
2023-08-16,447.0,448.0,439.0,445.20001220703125,442.66241455078125,5066857
2023-08-17,443.0,449.25,440.5,447.6000061035156,445.0487365722656,3558210
2023-08-18,447.5,447.5,438.1499938964844,439.5,436.9949035644531,3990678
2023-08-21,443.0,450.8500061035156,439.8999938964844,449.3999938964844,446.8384704589844,3775298
2023-08-22,449.75,454.3999938964844,448.3500061035156,450.3500061035156,447.7830810546875,3254685
2023-08-23,454.70001220703125,465.29998779296875,452.8999938964844,461.25,458.6209411621094,9182054
2023-08-24,464.0,465.8999938964844,453.8500061035156,456.5,453.89801025390625,5950400
2023-08-25,453.0,454.29998779296875,448.8999938964844,450.0,447.43505859375,3304204
2023-08-28,450.54998779296875,452.8500061035156,445.5,446.29998779296875,443.7561340332031,4259997
2023-08-29,448.0,458.5,447.3500061035156,456.04998779296875,453.4505615234375,6062408
2023-08-30,460.20001220703125,465.1499938964844,455.75,456.75,454.1465759277344,5510658
2023-08-31,462.25,465.0,456.75,459.8500061035156,457.2289123535156,9294166
2023-09-01,462.95001220703125,478.5,462.1000061035156,473.25,470.5525207519531,11151562
2023-09-04,477.6000061035156,492.29998779296875,475.0,486.6499938964844,483.87615966796875,10359653
2023-09-05,486.0,489.75,478.20001220703125,486.1000061035156,483.32928466796875,4941534
2023-09-06,484.8999938964844,484.8999938964844,474.25,478.1499938964844,475.4245910644531,5138246
2023-09-07,475.54998779296875,479.5,473.54998779296875,475.1000061035156,472.3919982910156,4055611
2023-09-08,473.0,478.79998779296875,467.70001220703125,476.1499938964844,473.4360046386719,5637990
2023-09-11,478.0,487.79998779296875,476.45001220703125,484.8500061035156,482.08642578125,5960678
2023-09-12,490.0,490.8999938964844,475.3999938964844,477.75,475.0268859863281,6817270
2023-09-13,478.5,484.79998779296875,473.8500061035156,483.20001220703125,480.4458312988281,4162140
2023-09-14,486.0,508.8999938964844,486.0,497.3500061035156,494.5151672363281,16108768
2023-09-15,507.79998779296875,508.0,494.95001220703125,496.54998779296875,493.7197265625,8515363
2023-09-18,494.0,494.0,483.1499938964844,484.5,481.7384033203125,6238600
2023-09-20,482.0,486.3999938964844,475.25,478.29998779296875,475.57373046875,5861905
2023-09-21,479.0,486.45001220703125,476.3999938964844,479.54998779296875,476.8166198730469,5146457
2023-09-22,479.0,481.79998779296875,471.5,478.8500061035156,476.1206359863281,3684720
2023-09-25,478.79998779296875,478.79998779296875,467.25,469.3500061035156,466.6747741699219,5768069
2023-09-26,468.5,474.29998779296875,466.20001220703125,471.5,468.8125,4666823
2023-09-27,466.25,475.75,466.25,474.95001220703125,472.24285888671875,5656858
2023-09-28,476.0,479.6000061035156,464.45001220703125,466.8500061035156,464.18902587890625,5869780
2023-09-29,478.0,494.5,474.20001220703125,492.6499938964844,489.8419494628906,11604605
2023-10-03,483.1000061035156,484.54998779296875,476.6000061035156,479.95001220703125,477.21435546875,4657602
2023-10-04,474.0,477.8999938964844,470.0,473.3999938964844,470.70166015625,3302259
2023-10-05,473.3999938964844,482.3999938964844,468.3500061035156,470.54998779296875,467.867919921875,4801287
2023-10-06,475.0,476.45001220703125,469.3500061035156,472.6000061035156,469.90625,3134022
2023-10-09,472.45001220703125,473.5,464.6000061035156,469.79998779296875,467.1221923828125,2681298
2023-10-10,473.0,484.79998779296875,467.0,480.6499938964844,477.91033935546875,7863825
2023-10-11,485.6499938964844,485.95001220703125,480.1000061035156,483.8999938964844,481.1418151855469,7006735
2023-10-12,483.1000061035156,494.0,482.54998779296875,484.3999938964844,481.63897705078125,6895255
2023-10-13,479.0,487.5,477.5,480.6000061035156,477.86065673828125,4652247
2023-10-16,479.75,486.5,475.29998779296875,483.3999938964844,480.6446838378906,5043158
2023-10-17,486.5,488.45001220703125,480.70001220703125,484.3500061035156,481.5892639160156,4495043
2023-10-18,487.79998779296875,494.79998779296875,483.54998779296875,485.04998779296875,482.2852783203125,7437952
2023-10-19,478.45001220703125,482.25,471.0,479.95001220703125,477.21435546875,6035837
2023-10-20,475.0,479.8500061035156,470.0,471.75,469.06109619140625,2777724
2023-10-23,470.79998779296875,473.95001220703125,455.0,456.70001220703125,454.0968933105469,2994345
2023-10-25,466.0,473.0,459.3999938964844,461.20001220703125,458.57122802734375,7854105
2023-10-26,456.70001220703125,458.45001220703125,448.75,456.6499938964844,454.0471496582031,6625855
2023-10-27,458.0,464.3999938964844,454.45001220703125,456.1499938964844,453.54998779296875,6193726
2023-10-30,458.75,461.75,454.0,456.6499938964844,454.0471496582031,7523779
2023-10-31,465.0,465.0,453.25,459.5,456.88092041015625,5236060
2023-11-01,458.5,466.0,456.0,462.70001220703125,460.06268310546875,4931538
2023-11-02,463.25,475.79998779296875,463.25,474.20001220703125,471.49713134765625,3933951
2023-11-03,478.95001220703125,481.45001220703125,474.25,475.20001220703125,472.4914245605469,3274345
2023-11-06,480.0,484.79998779296875,478.25,481.95001220703125,479.2029724121094,4294682
2023-11-07,482.0,491.5,480.29998779296875,484.54998779296875,481.7881164550781,5425669
2023-11-08,491.45001220703125,491.45001220703125,478.1499938964844,488.04998779296875,485.2681579589844,8220612
2023-11-09,488.79998779296875,488.79998779296875,483.1499938964844,484.45001220703125,481.688720703125,3271496
2023-11-10,482.04998779296875,488.25,479.54998779296875,481.29998779296875,478.556640625,3498064
2023-11-13,482.0,492.3500061035156,481.1000061035156,487.5,484.7213134765625,4918873
2023-11-15,497.0,513.5,494.20001220703125,505.3999938964844,502.519287109375,11674265
2023-11-16,504.0,507.45001220703125,497.1499938964844,504.29998779296875,501.425537109375,4171759
2023-11-17,503.04998779296875,506.45001220703125,496.8500061035156,497.75,494.91290283203125,3595049
2023-11-20,500.1499938964844,505.95001220703125,496.54998779296875,497.29998779296875,494.4654541015625,4305637
2023-11-21,502.79998779296875,510.95001220703125,501.8999938964844,506.8500061035156,503.9610290527344,7154476
2023-11-22,504.8999938964844,506.8500061035156,498.95001220703125,500.25,497.3986511230469,4337970
2023-11-23,499.0,503.0,491.6499938964844,501.95001220703125,499.0889587402344,6628259
2023-11-24,504.8500061035156,512.75,502.54998779296875,507.79998779296875,504.90557861328125,5973059
2023-11-28,511.75,518.25,509.79998779296875,515.5999755859375,512.6611328125,7804926
2023-11-29,519.0,523.3499755859375,513.9000244140625,517.4500122070312,514.5006103515625,6275280
2023-11-30,519.2999877929688,519.75,511.3500061035156,515.6500244140625,512.7108764648438,7599701
2023-12-01,520.0499877929688,524.7999877929688,515.2999877929688,517.2000122070312,514.2520141601562,4933886
2023-12-04,524.0499877929688,526.6500244140625,516.5499877929688,519.25,516.2903442382812,5985489
2023-12-05,518.3499755859375,528.7999877929688,515.4500122070312,520.6500244140625,517.682373046875,6399021
2023-12-06,521.0,526.9500122070312,515.5999755859375,523.0,520.0189819335938,4831956
2023-12-07,521.0,522.4000244140625,515.0999755859375,516.0499877929688,513.1085815429688,4628885
2023-12-08,519.5,525.0499877929688,514.0,520.3499755859375,517.384033203125,3733998
2023-12-11,520.2999877929688,523.7999877929688,517.0999755859375,522.4000244140625,519.4224243164062,2597347
2023-12-12,525.0,538.5,522.1500244140625,527.4500122070312,524.443603515625,9498031
2023-12-13,528.9500122070312,535.25,523.2999877929688,532.8499755859375,529.8128051757812,4000017
2023-12-14,540.0,545.9500122070312,537.25,543.0999755859375,540.00439453125,7190654
2023-12-15,556.0,559.0499877929688,548.2000122070312,557.25,554.07373046875,8191005
2023-12-18,557.0,567.4000244140625,551.5,566.4000244140625,563.171630859375,5076184
2023-12-19,567.9500122070312,567.9500122070312,555.7000122070312,564.8499755859375,561.6304321289062,4484733
2023-12-20,569.5,570.9000244140625,546.25,548.2000122070312,545.0753173828125,6959868
2023-12-21,544.0,561.6500244140625,541.6500244140625,556.25,553.0794677734375,4591119
2023-12-22,559.4000244140625,572.0,559.0,570.4500122070312,567.1985473632812,7865384
2023-12-26,574.9500122070312,580.8499755859375,570.5,579.8499755859375,576.544921875,4649730
2023-12-27,582.0,607.6500244140625,580.2999877929688,605.5999755859375,602.1481323242188,12430827
2023-12-28,608.0,616.5,605.2000122070312,614.2999877929688,610.798583984375,7139743
2023-12-29,614.2999877929688,618.0,608.0999755859375,614.8499755859375,611.3453979492188,3995822
2024-01-01,614.5,620.5,606.9500122070312,610.4000244140625,606.9208374023438,2961919
2024-01-02,610.4000244140625,620.0,607.4000244140625,617.0,613.483154296875,4975013
2024-01-03,608.25,611.4000244140625,592.0,593.0499877929688,589.669677734375,7226455
2024-01-04,594.0,595.8499755859375,587.6500244140625,590.5,587.1342163085938,6592370
2024-01-05,590.5999755859375,597.5999755859375,581.5499877929688,587.0,583.6541748046875,2990123
2024-01-08,587.0,592.5,576.4500122070312,577.6500244140625,574.3574829101562,4425767
2024-01-09,581.9500122070312,584.9000244140625,573.5999755859375,575.9500122070312,572.6671752929688,5314029
2024-01-10,576.0,582.0,570.6500244140625,580.0499877929688,576.7437744140625,2408792
2024-01-11,582.9500122070312,587.0,575.5,576.9500122070312,573.6614990234375,3899383
2024-01-12,581.0,585.5,575.75,582.0499877929688,578.7323608398438,2440863
2024-01-15,585.8499755859375,586.0,572.25,574.6500244140625,571.3745727539062,3778987
2024-01-16,575.9500122070312,584.8499755859375,569.4500122070312,579.5499877929688,576.2466430664062,5187155
2024-01-17,570.9500122070312,572.7000122070312,558.0999755859375,560.25,557.056640625,6148035
2024-01-18,560.25,561.3499755859375,547.7999877929688,554.9000244140625,551.7371826171875,3784905
2024-01-19,556.5,561.0,554.5,557.0999755859375,553.924560546875,4451789
2024-01-23,558.0,561.7999877929688,537.5999755859375,541.4000244140625,538.3140869140625,7867972
2024-01-24,550.0,566.7999877929688,547.0,565.1500244140625,561.9287109375,8619429
2024-01-25,566.5,570.0,558.4000244140625,567.2000122070312,563.967041015625,5366990
2024-01-29,568.0,571.9500122070312,562.0,567.9000244140625,564.6630859375,5126212
2024-01-30,569.9500122070312,584.2999877929688,567.25,569.25,566.00537109375,7968815
2024-01-31,569.2000122070312,580.5999755859375,568.25,579.3499755859375,576.0477294921875,5644545
2024-02-01,578.0,581.7999877929688,570.2999877929688,571.25,567.9939575195312,3509803
2024-02-02,577.0,589.0,573.0999755859375,583.5,580.1741333007812,7145858
2024-02-05,583.5,590.9000244140625,576.0499877929688,579.9000244140625,576.5946655273438,4801118
2024-02-06,578.5999755859375,587.75,569.25,584.9000244140625,581.566162109375,4099573
2024-02-07,590.4000244140625,602.1500244140625,584.6500244140625,592.25,588.874267578125,9415146
2024-02-08,592.0,608.9500122070312,587.8499755859375,601.2999877929688,597.8726806640625,11844758
2024-02-09,601.0,602.0,576.2999877929688,591.2999877929688,587.9296264648438,5105348
2024-02-12,591.9000244140625,601.7999877929688,579.75,582.4500122070312,579.130126953125,4595403
2024-02-13,539.0,540.0,496.3500061035156,510.1000061035156,507.1925048828125,46100123
2024-02-14,515.0,516.9000244140625,503.1499938964844,507.79998779296875,504.90557861328125,16634538
2024-02-15,512.7000122070312,518.5,507.6000061035156,513.2000122070312,510.27484130859375,13303658
2024-02-16,519.9500122070312,519.9500122070312,510.95001220703125,515.7000122070312,512.7605590820312,12066565
2024-02-19,518.75,518.9000244140625,511.79998779296875,512.2999877929688,509.37994384765625,5580597
2024-02-20,512.5999755859375,515.9000244140625,507.1499938964844,511.6000061035156,508.6839599609375,5186970
2024-02-21,535.0,538.0,510.0,511.79998779296875,508.8827819824219,18106978
2024-02-22,516.2999877929688,522.1500244140625,514.25,521.1500244140625,518.1795654296875,8727844
2024-02-23,524.7000122070312,524.7999877929688,517.0,518.3499755859375,515.3954467773438,6445580
2024-02-26,519.4000244140625,519.75,504.0,505.04998779296875,502.1712646484375,7605543
2024-02-27,505.5,512.2000122070312,504.70001220703125,509.6499938964844,506.74505615234375,6741206
2024-02-28,512.5,514.4500122070312,501.75,504.3999938964844,501.52496337890625,4406098
2024-02-29,506.5,508.0,499.0,503.8500061035156,500.9781188964844,16860796
2024-03-01,510.0,522.5,510.0,519.0999755859375,516.1411743164062,9882296
2024-03-04,524.0,529.8499755859375,520.0499877929688,524.9500122070312,521.9578857421875,5989974
2024-03-05,524.0,528.2999877929688,520.2000122070312,522.0999755859375,519.1240844726562,5729926
2024-03-06,522.0499877929688,527.9000244140625,513.9500122070312,526.9500122070312,523.9464721679688,4637732
2024-03-07,530.7999877929688,540.8499755859375,529.25,536.7000122070312,533.640869140625,7909060
2024-03-11,540.0,543.25,532.0999755859375,533.7000122070312,530.6580200195312,5527908
2024-03-12,533.0999755859375,536.8499755859375,525.2999877929688,528.9500122070312,525.93505859375,3703670
2024-03-13,529.3499755859375,530.0,501.20001220703125,507.0,504.11016845703125,5712435
2024-03-14,512.0,526.3499755859375,507.0,525.25,522.2561645507812,10349338
2024-03-15,522.0,534.0499877929688,517.5,532.5499877929688,529.5145263671875,8467660
2024-03-18,532.0,535.5499877929688,527.0,531.1500244140625,528.12255859375,4282437
2024-03-19,532.0,539.75,529.25,533.6500244140625,530.6082763671875,7119131
2024-03-20,533.0,535.5,516.3499755859375,527.8499755859375,524.84130859375,5005234
2024-03-21,538.4000244140625,545.75,534.25,539.7000122070312,536.623779296875,8795679
2024-03-22,539.7000122070312,550.6500244140625,537.3499755859375,547.75,544.6278686523438,5518261
2024-03-26,545.6500244140625,561.0,545.0,558.6500244140625,555.4658203125,7198061
2024-03-27,564.2000122070312,564.6500244140625,556.7999877929688,557.6500244140625,554.4714965820312,5320703
2024-03-28,561.0,566.6500244140625,555.2999877929688,560.25,557.056640625,8326754
2024-04-01,570.0,574.0,564.0999755859375,568.5999755859375,565.3590087890625,6192790
2024-04-02,571.0,572.2999877929688,561.5499877929688,571.2000122070312,567.9442749023438,4626877
2024-04-03,570.2000122070312,584.0999755859375,567.1500244140625,576.5999755859375,573.3134155273438,7514291
2024-04-04,590.0,590.0,568.9500122070312,577.75,574.4569091796875,7246259
2024-04-05,572.5,575.0,567.5999755859375,570.0499877929688,566.80078125,4884617
2024-04-08,572.0,579.7000122070312,570.5,576.7999877929688,573.5123291015625,3276169
2024-04-09,578.0999755859375,595.4500122070312,574.0,588.5999755859375,585.2450561523438,7829711
2024-04-10,596.2000122070312,604.9000244140625,591.0499877929688,603.0499877929688,599.6126708984375,11748104
2024-04-12,609.0499877929688,609.0499877929688,595.2999877929688,598.6500244140625,595.23779296875,15994496
2024-04-15,615.0,625.4000244140625,605.7000122070312,612.7000122070312,609.2077026367188,27067692
2024-04-16,612.7000122070312,621.4000244140625,606.7999877929688,608.8499755859375,605.3795776367188,10722248
2024-04-18,616.4000244140625,625.0,609.7999877929688,612.7999877929688,609.30712890625,9953539
2024-04-19,609.0,616.2999877929688,600.7000122070312,614.75,611.2460327148438,6443897
2024-04-22,620.6500244140625,622.4500122070312,612.7000122070312,618.5499877929688,615.0243530273438,6503652
2024-04-23,618.5,618.75,610.4000244140625,611.7999877929688,608.3128051757812,6154126
2024-04-24,611.7999877929688,637.6500244140625,608.7000122070312,636.0999755859375,632.4743041992188,11775700
2024-04-25,635.7000122070312,648.25,628.0999755859375,646.7999877929688,643.11328125,11897458
2024-04-26,650.9500122070312,661.5999755859375,643.0,649.2999877929688,645.5990600585938,7545608
2024-04-29,654.9500122070312,655.4000244140625,641.2000122070312,650.0499877929688,646.3447875976562,4157501
2024-04-30,653.5999755859375,653.7000122070312,642.2999877929688,644.4000244140625,640.72705078125,4771959
2024-05-02,635.9000244140625,646.9000244140625,628.6500244140625,641.4500122070312,637.7938232421875,17929526
2024-05-03,655.0499877929688,655.0499877929688,638.4000244140625,647.0999755859375,643.4115600585938,10633995
2024-05-06,650.0,655.0,629.2999877929688,638.7999877929688,635.158935546875,10094421
2024-05-07,646.9000244140625,646.9000244140625,611.75,620.2000122070312,616.6649780273438,10787196
2024-05-08,615.0999755859375,634.4500122070312,615.0999755859375,633.5,629.88916015625,7683352
2024-05-09,634.0,637.75,615.0,619.4000244140625,615.8695068359375,6588118
2024-05-10,620.0999755859375,629.5499877929688,618.0,625.5999755859375,622.0341186523438,4364788
2024-05-13,625.0999755859375,636.1500244140625,614.2999877929688,633.5,629.88916015625,3582386
2024-05-14,644.3499755859375,649.5,638.2000122070312,646.6500244140625,642.9641723632812,8339846
2024-05-15,653.0,659.0,648.7000122070312,653.7000122070312,649.9739990234375,6764257
2024-05-16,660.0,666.0,643.25,653.3499755859375,649.6259765625,8781056
2024-05-17,653.0,658.7999877929688,650.4000244140625,655.4500122070312,651.7140502929688,5026205
2024-05-21,666.2999877929688,695.4000244140625,663.2000122070312,693.5999755859375,689.6465454101562,15976672
2024-05-22,698.5499877929688,698.7000122070312,677.4000244140625,684.5499877929688,680.6481323242188,8004434
2024-05-23,675.1500244140625,678.5499877929688,665.9500122070312,676.7999877929688,672.9423217773438,9749101
2024-05-24,679.25,690.4500122070312,671.0499877929688,673.25,669.4125366210938,15930052
2024-05-27,685.0499877929688,689.5,675.5,677.8499755859375,673.986328125,10475785
2024-05-28,682.0,698.0,678.3499755859375,681.2999877929688,677.4166870117188,12925385
2024-05-29,695.0,713.5,682.2999877929688,705.2999877929688,701.2798461914062,22684652
2024-05-30,704.8499755859375,713.0499877929688,693.3499755859375,695.1500244140625,691.187744140625,10361716
2024-05-31,698.9000244140625,703.4500122070312,684.3499755859375,689.3499755859375,685.4207763671875,13620282
2024-06-03,715.0,715.25,692.7999877929688,695.9500122070312,691.9832153320312,7081956
2024-06-04,697.0,697.0,594.25,649.0499877929688,645.3504638671875,24250212
2024-06-05,627.0,700.6500244140625,607.0,695.25,691.2871704101562,25836374
2024-06-06,695.0,695.0,673.0,677.5,673.6383056640625,10420244
2024-06-07,677.5,687.0,672.4500122070312,680.3499755859375,676.4720458984375,7172942
2024-06-10,677.0499877929688,684.8499755859375,673.0499877929688,676.4000244140625,672.5446166992188,4054802
2024-06-11,680.0,681.25,672.0499877929688,672.9500122070312,669.1142578125,5157918
2024-06-12,674.0,683.0,671.8499755859375,673.9000244140625,670.0588989257812,10783822
2024-06-13,678.0,684.6500244140625,676.0499877929688,680.7000122070312,676.8201293945312,9555904
2024-06-14,690.0,690.0,677.4000244140625,683.5999755859375,679.7035522460938,8326865
2024-06-18,683.5999755859375,688.0,677.0,678.75,674.8812255859375,4013739
2024-06-19,680.0499877929688,682.0,660.4000244140625,662.4000244140625,658.6244506835938,4770356
2024-06-20,665.0,684.3499755859375,661.75,676.5,672.64404296875,6646966
2024-06-21,680.0,691.2000122070312,677.0,684.5,680.5984497070312,11973903
2024-06-24,679.5999755859375,687.7000122070312,675.0999755859375,685.25,681.3441772460938,8014595
2024-06-25,688.7999877929688,696.0,680.9000244140625,685.5,681.5927124023438,5778636
2024-06-26,683.5499877929688,683.5499877929688,671.3499755859375,674.7000122070312,670.8543090820312,6069407
2024-06-27,678.0,687.7000122070312,672.0999755859375,685.25,681.3441772460938,7135387
2024-06-28,690.25,697.5,686.0,693.5499877929688,689.5968627929688,6101211
2024-07-01,699.0,701.8499755859375,688.4000244140625,689.8499755859375,685.9179077148438,4870114
2024-07-02,689.9000244140625,703.2999877929688,688.4000244140625,694.75,690.7900390625,5482768
2024-07-03,698.9000244140625,703.0,683.4000244140625,691.6500244140625,687.7077026367188,5875690
2024-07-04,697.7000122070312,705.75,690.5499877929688,691.8499755859375,687.906494140625,5924057
2024-07-05,694.0,702.5,693.5,699.1500244140625,695.1649780273438,5174673
2024-07-08,703.6500244140625,705.9000244140625,691.6500244140625,697.2000122070312,693.22607421875,2636146
2024-07-09,702.0,710.6500244140625,695.5499877929688,707.0,702.97021484375,5507357
2024-07-10,708.0,712.0999755859375,685.2999877929688,693.2999877929688,689.3482666015625,5327276
2024-07-11,702.0,702.0,692.0,696.2999877929688,692.3311767578125,6856272
2024-07-12,697.5,702.4500122070312,686.0999755859375,692.0499877929688,688.1054077148438,3839953
2024-07-15,692.0499877929688,701.5999755859375,688.4500122070312,700.0999755859375,696.1094970703125,2848268
2024-07-16,700.2999877929688,703.1500244140625,689.0,690.7999877929688,686.8624877929688,4570179
2024-07-18,686.0,695.8499755859375,684.0999755859375,689.9500122070312,686.0173950195312,7841505
2024-07-19,683.9000244140625,685.7000122070312,658.6500244140625,663.0,659.2210083007812,6207375
2024-07-22,655.0,675.0,650.8499755859375,672.2999877929688,668.4679565429688,3291634
2024-07-23,672.2999877929688,673.2000122070312,638.7000122070312,653.5,649.775146484375,9602846
2024-07-24,653.0,656.6500244140625,645.0,651.5999755859375,647.8859252929688,2610134
2024-07-25,641.9500122070312,649.0,633.2999877929688,646.5499877929688,642.86474609375,6171776
2024-07-26,660.0,668.5,655.0,667.5999755859375,663.7947387695312,4730539
2024-07-29,676.75,676.75,665.0,666.8499755859375,663.0490112304688,6032470
2024-07-30,665.0,665.0,654.5999755859375,660.5,656.7352294921875,6714850
2024-07-31,667.0,674.0,664.25,669.5999755859375,665.7833251953125,8551592
2024-08-01,680.0,690.9000244140625,667.3499755859375,673.5,669.6611328125,8831127
2024-08-02,659.7999877929688,665.5999755859375,646.5499877929688,648.0499877929688,644.356201171875,6717210
2024-08-05,628.0499877929688,633.8499755859375,609.25,614.2999877929688,610.798583984375,13451475
2024-08-06,625.0,629.0,608.0,610.2999877929688,606.8213500976562,7063441
2024-08-07,625.0,629.4500122070312,616.75,623.7000122070312,620.14501953125,4839670
2024-08-08,625.0,631.0,613.0,614.0499877929688,610.5499877929688,5396272
2024-08-09,622.0,626.5,614.7999877929688,622.9000244140625,622.9000244140625,3629264
2024-08-12,619.0,634.4000244140625,616.5,629.3499755859375,629.3499755859375,3586449
2024-08-13,634.4000244140625,634.4000244140625,619.2000122070312,621.4000244140625,621.4000244140625,6793767
2024-08-14,626.8499755859375,633.9500122070312,611.5999755859375,621.4500122070312,621.4500122070312,8646288
2024-08-16,633.9500122070312,642.0,630.2000122070312,634.1500244140625,634.1500244140625,6566337
2024-08-19,636.5,660.2999877929688,636.5,658.8499755859375,658.8499755859375,9510274
2024-08-20,663.0,674.2999877929688,661.0499877929688,672.9000244140625,672.9000244140625,10295836
2024-08-21,668.9000244140625,696.5999755859375,667.7999877929688,685.5999755859375,685.5999755859375,7815238
2024-08-22,691.5,692.0,677.2000122070312,685.5499877929688,685.5499877929688,6188728
2024-08-23,690.0499877929688,694.7000122070312,677.7999877929688,685.0999755859375,685.0999755859375,7774920
2024-08-26,694.4000244140625,712.9000244140625,689.5,711.8499755859375,711.8499755859375,11517668
2024-08-27,711.9000244140625,712.9500122070312,702.75,703.5,703.5,6465241
2024-08-28,706.0,710.7000122070312,701.1500244140625,705.0499877929688,705.0499877929688,3599946
2024-08-29,697.6500244140625,702.3499755859375,691.4000244140625,700.5,700.5,5728640
2024-08-30,699.0,708.5,695.0999755859375,701.3499755859375,701.3499755859375,7404373
2024-09-02,706.7000122070312,706.7000122070312,683.2000122070312,683.9000244140625,683.9000244140625,6186645
2024-09-03,687.6500244140625,692.7000122070312,677.5499877929688,678.9000244140625,678.9000244140625,4457291
2024-09-04,666.6500244140625,673.7999877929688,661.25,666.7999877929688,666.7999877929688,5816848
2024-09-05,670.0,672.4000244140625,667.25,669.9500122070312,669.9500122070312,3749608
2024-09-06,668.25,677.0,665.4500122070312,667.0999755859375,667.0999755859375,6311131
2024-09-09,664.0,664.0,651.0,658.5499877929688,658.5499877929688,5144488
2024-09-10,664.9000244140625,666.7999877929688,653.7000122070312,659.5,659.5,3304741
2024-09-11,658.5999755859375,658.5999755859375,645.4000244140625,647.7000122070312,647.7000122070312,3825823
2024-09-12,658.0,677.9000244140625,651.5,676.2000122070312,676.2000122070312,8594764
2024-09-13,686.0,686.4000244140625,670.5999755859375,673.25,673.25,5977861
2024-09-16,680.0999755859375,687.5499877929688,676.5499877929688,685.1500244140625,685.1500244140625,4258546
2024-09-17,689.0,692.0,681.0999755859375,683.0,683.0,3395470
2024-09-18,685.0,687.9500122070312,673.3499755859375,685.25,685.25,3404940
2024-09-19,690.0,690.8499755859375,668.2000122070312,684.2000122070312,684.2000122070312,5134590
2024-09-20,692.0999755859375,698.7999877929688,688.75,694.4000244140625,694.4000244140625,9753966
2024-09-23,695.5,698.0,687.9500122070312,690.5499877929688,690.5499877929688,2808114
2024-09-24,697.5999755859375,719.7000122070312,693.0,717.8499755859375,717.8499755859375,15201960
2024-09-25,725.0,730.9000244140625,715.5499877929688,718.4500122070312,718.4500122070312,9525319
2024-09-26,718.4500122070312,736.1500244140625,710.7000122070312,734.6500244140625,734.6500244140625,10573166
2024-09-27,746.9500122070312,757.7000122070312,742.0999755859375,747.1500244140625,747.1500244140625,12936973
2024-09-30,750.0,764.4500122070312,749.4500122070312,756.2000122070312,756.2000122070312,8566640
2024-10-01,755.0,765.5,745.2000122070312,761.5499877929688,761.5499877929688,4402151
2024-10-03,750.0,772.6500244140625,744.7000122070312,747.0999755859375,747.0999755859375,5649089
2024-10-04,742.6500244140625,757.5499877929688,740.0499877929688,747.9000244140625,747.9000244140625,4624509
2024-10-07,753.0,753.0,722.5,731.2999877929688,731.2999877929688,5862059
2024-10-08,723.5,732.0,708.0,721.7999877929688,721.7999877929688,5418558
2024-10-09,710.0,735.75,710.0,727.5499877929688,727.5499877929688,3733320
2024-10-10,731.9000244140625,738.2000122070312,726.2999877929688,730.1500244140625,730.1500244140625,3890250
2024-10-11,736.0,749.9500122070312,733.0499877929688,747.3499755859375,747.3499755859375,5224383
2024-10-14,746.0,755.0,739.4500122070312,743.0,743.0,2540789
2024-10-15,746.0,750.0,720.6500244140625,726.9500122070312,726.9500122070312,3056619
2024-10-16,728.5,738.9000244140625,726.0499877929688,733.0999755859375,733.0999755859375,3207796
2024-10-17,741.0999755859375,747.2999877929688,732.3499755859375,734.7999877929688,734.7999877929688,6213860
2024-10-18,734.7999877929688,756.4500122070312,725.0499877929688,753.5,753.5,5474367
2024-10-21,760.0,765.4500122070312,737.0,739.5999755859375,739.5999755859375,2981749
2024-10-22,733.0,745.7999877929688,718.2999877929688,720.25,720.25,5672302
2024-10-23,716.0,731.1500244140625,713.2999877929688,717.0999755859375,717.0999755859375,6522834
2024-10-24,715.0,715.0,666.75,690.7000122070312,690.7000122070312,14909729
2024-10-25,694.5,694.9000244140625,668.4500122070312,678.75,678.75,4091651
2024-10-28,681.0,697.0,680.7999877929688,692.9000244140625,692.9000244140625,2587719
2024-10-29,692.9000244140625,696.2000122070312,676.4500122070312,693.5999755859375,693.5999755859375,4293867
2024-10-30,690.9500122070312,698.7999877929688,685.4000244140625,688.4000244140625,688.4000244140625,3284187
2024-10-31,686.8499755859375,689.5499877929688,679.25,686.0499877929688,686.0499877929688,4478581
2024-11-01,686.0499877929688,686.0499877929688,686.0499877929688,686.0499877929688,686.0499877929688,0
